1980

8440

360

460

1460

1420

120

5140

1780

560

500

1480

5000

3400

1840

3020

2020

4200

620

960

460

280

5120

3720

2560

400

600

540

2920

60

2200

8160

320

600

3480

720

420

3660

1020

980

220

100

2780

2940

2300

620

880

1180

2480

520

60

400

3840

1580

4100

2380

2240

1500

3320

820

2500

160

8520

440

1260

1220

2060

2840

4360

820

260

3980

420

680

2800

8600

440

7780

2120

11380

920

500

1500

1640

60

4940

3180

1720

4680

2120

1540

1800

1280

180

320

1740

3600

160

80

2980

120

2920

760

1860

420

4260

2160

6340

1980

180

1680

480

2960

500

1460

3860

440

980

1500

280

1260

3300

1080

1680

2100

2240

2000

1220

180

3360

5200

3600

5100

1140

1700

1940

780

6080

9340

2200

3660

1460

2340

360

1760

2480

4380

2620

4040

2000

1500

2100

1160

700

80

1000

3840

11020

4220

760

1640

6100

1380

1320

7900

4080

13200

500

4280

5080

440

1620

840

5560

160

8500

1620

180

5340

2160

1020

3660

340

500

2440

3000

2820

500

1900

40

60

100

100

40

980

620

500

2560

1380

960

3620

3320

180

2640

1540

7440

2940

3420

880

680

2800

1140

3400

2280

220

4620

3840

940

5120

1800

1720

3480

1540

820

360

2920

5820

1180

3560

920

920

2900

800

1800

1320

1620

3560

7620

2420

220

620

4380

3540

3140

3400

80

3820

1300

600

6420

3340

220

1820

1000

3280

8300

380

2020

660

3080

2780

5260

740

580

480

4840

9060

3080

4320

2360

420

1180

3520

360

1020

1620

1520

180

1820

4180

80

2340

340

3100

800

11000

1460

1800

680

3240

1640

240

720

1780

2120

3940

1180

740

4780

2760

2260

120

180

1560

520

140

820

4100

240

820

18680

440

3980

800

220

80

2500

1340

4000

180

440

16500

260

19540

1900

5280

280

3580

4340

40

2120

280

460

900

720

120

380

900

3600

1840

1040

680

460

900

3740

7160

4140

8340

1240

80

2160

340

2640

4600

1720

480

2180

340

1180

520

660

6660

400

280

300

2540

1340

920

4300

2980

17680

880

11360

460

800

4680

5620

460

2940

2720

3440

3080

1440

1720

1420

900

780

2640

900

680

500

1080

5140

1800

680

2980

860

1700

1560

2240

2780

1100

2860

1520

1680

480

1620

800

7440

1700

620

4760

1160

1840

1300

1660

5720

3080

7720

3340

1660

180

2280

720

4520

320

5820

1900

960

1460

2420

5340

3740

1880

1220

4020

2560

880

2080

5380

1460

3920

1440

180

1260

440

900

640

2060

840

420

800

880

1960

320

760

380

5100

2460

4400

400

1000

500

5600

2820

1080

3640

2120

680

260

120

1400

1320

7200

1380

1300

4180

300

1460

1460

3480

860

980

7360

2700

720

60

1880

3280

6760

10880

3540

1820

1860

5740

1380

4760

1740

2900

10380

1320

3000

280

1020

160

1340

1080

1520

2960

460

440

2660

2820

1620

740

540

2180

3400

1660

3680

2560

6080

1200

5720

7460

2340

2100

1320

1120

3260

3600

680

740

2440

2420

100

4880

100

2200

2820

1320

900

7920

2340

660

60

1120

860

7720

420

8560

1480

200

6680

3100

660

680

400

1100

280

1600

1400

2540

820

1920

760

880

1080

4320

2640

3680

2540

580

1780

300

3100

300

1740

2020

280

2600

2520

200

760

1260

1380

420

3140

980

80

640

180

1220

2900

1740

10920

1500

1360

1660

420

1260

8340

880

80

340

3260

320

100

2800

540

2520

2520

1760

260

220

3900

600

880

2520

2380

660

2160

420

2060

9940

440

2120

1740

1720

3180

2120

1540

420

80

1020

5420

1620

4080

3580

740

840

3000

9720

3660

6260

4400

2000

1200

3960

4300

2000

1200

1320

220

1320

5140

1080

180

1020

9180

440

420

6500

420

13680

1420

720

17380

480

3240

10100

740

2400

1080

1280

3640

1340

1840

1160

2260

300

11940

340

920

2820

920

860

17820

780

5600

200

4640

1620

4980

2040

120

2620

1680

960

7760

460

820

4820

2640

2460

3120

380

640

380

1140

900

500

6740

200

4140

1600

6260

2380

2240

2660

1460

1760

940

680

60

8500

1420

1600

2780

1520

2780

620

1120

4380

720

600

200

3120

420

2280

2620

3700

3860

1900

3680

760

2340

3960

2500

3160

2200

1020

2240

2540

1360

4660

260

1440

2780

3400

4220

1520

800

360

360

700

720

1900

320

300

1240

2660

940

1860

11180

4400

720

360

440

9660

1380

1820

1220

4560

3360

1200

2200

440

3540

2340

1300

1000

1580

3820

1020

4700

940

980

260

980

5460

1380

820

980

2880

640

3260

980

1360

1700

400

100

700

260

1360

1020

200

940

1500

4920

3500

1820

980

1140

420

80

5280

2360

260

580

1600

1280

900

2100

5860

4220

1660

1560

2280

1100

880

2020

1100

160

180

2460

2040

1380

2260

1000

2520

7420

3480

1780

840

2520

160

4980

5080

5080

1260

7420

4100

8560

400

420

580

3860

1940

1440

320

500

12400

2000

80

1780

10780

5240

580

1300

2260

3380

280

4300

1460

560

4820

500

3040

440

4420

100

280

340

100

240

4560

1020

6340

2140

820

220

2000

1080

180

160

40

2100

1420

3700

5520

2100

1880

2160

1280

3020

7480

3880

2000

640

7980

240

6020

14900

6200

820

280

880

2720

1140

2320

560

4520

2140

320

160

2460

2880

1020

1180

1120

3980

80

2540

2320

1720

740

220

200

1160

9360

1320

6160

2220

7620

1740

2100

880

1100

720

12140

480

1300

1380

140

3820

1300

1140

7740

1880

1240

3100

1560

1860

2500

2800

580

180

1960

160

1600

3360

1780

620

6020

2440

900

2020

1120

3860

1580

4540

2760

120

6120

480

260

3080

500

2420

2040

340

2340

2900

7060

440

140

200

10560

420

200

560

580

1940

2720

540

1560

1460

420

8160

2080

580

4500

3960

640

140

4100

480

5940

400

5960

10140

3340

1160

1200

1420

3320

260

6260

2120

140

80

9860

440

280

3160

5000

940

7480

3240

3980

3940

1140

6920

480

3460

1460

5700

2280

2420

600

3540

1020

220

920

300

1300

19920

400

60

16520

700

2600

5340

4140

2640

520

580

780

380

2860

620

1700

3140

60

8400

3040

780

1640

2520

1040

1060

9260

3840

2400

620

2340

1280

5080

2620

340

480

3060

420

1020

220

160

1060

5820

1220

2360

600

1520

1840

4220

800

1400

700

3260

100

2120

2680

2620

1080

560

3520

1380

620

1060

4500

5600

8440

380

600

660

2180

2340

1120

4360

160

2980

3920

2160

1480

320

3820

1140

3980

9900

340

2880

1500

1960

2440

400

1980

880

6180

14720

2140

560

3040

660

1000

160

7280

760

260

400

1180

4020

360

640

960

1040

3020

7560

1500

540

500

2340

500

3200

600

1080

420

1620

1380

580

1880

1020

2240

3020

260

820

2280

1500

15180

860

820

2280

420

2580

1140

11940

380

60

460

520

9720

1880

2560

2580

880

2780

1680

2020

4440

700

1960

1360

3120

2200

5180

1460

3400

400

2700

2760

680

140

180

1140

6040

4060

5860

2460

220

1640

1160

140

420

900

4220

6740

480

1080

160

2740

1760

2640

280

140

10840

18480

1900

17600

10900

440

3460

380

720

460

3700

1020

2420

1100

3900

1280

340

1040

2160

1800

140

2620

420

1640

4720

2360

1320

1000

2240

300

1080

960

140

620

960

3860

1000

100

1840

360

1000

700

4160

2440

520

6060

60

2600

1180

5280

3140

1300

560

6840

880

2160

780

2460

260

5820

1000

360

4260

720

3360

340

500

3400

1280

660

3580

380

400

3080

720

840

1560

600

880

700

3180

4680

340

580

6160

1840

5260

1320

680

780

60

3360

1120

1980

260

140

120

2340

60

2200

2680

2620

3660

580

3980

2660

1060

7420

1880

140

1600

900

3900

1420

160

1560

760

6260

140

2000

1100

7140

3920

2060

2340

520

17600

900

2120

620

5600

1220

1500

1560

4060

1400

4180

1860

940

2540

380

140

2280

2320

240

1600

2020

1220

1240

3360

720

400

2260

13080

2460

2060

240

1720

2220

500

2460

1160

1200

3160

1120

520

2280

280

1020

2120

3040

640

560

2240

3040

7320

300

2320

3280

2840

1560

4200

1440

3360

220

2620

5440

180

340

1220

180

80

5040

5940

4120

540

2320

1460

1260

4760

1820

1920

3180

840

620

3540

60

720

60

940

1800

5740

500

5520

1560

260

680

2400

1360

280

200

3500

1740

1560

3180

1300

940

9800

6240

980

1820

60

1740

5020

3820

200

1060

3780

1740

460

360

2780

3100

1420

1460

740

8380

1760

5440

960

2000

1300

440

640

4180

1100

140

2580

560

220

1500

1760

1640

420

1020

2080

340

740

80

3060

700

3040

3320

1400

100

1320

6560

3080

80

1120

1020

1460

1040

5660

320

580

700

2880

560

1500

1060

2040

4800

3940

740

2840

10400

920

80

5840

1720

1740

1420

780

1180

900

4460

1160

6180

6480

700

1000

1400

500

2040

1400

5300

1700

3500

4560

1600

1420

9000

1880

6880

1380

6420

3780

5120

1900

1680

6780

3640

1480

600

1320

640

2700

1200

1400

220

1540

660

5380

400

500

140

3400

1140

700

240

2780

240

200

11420

2220

1160

3640

3960

6120

580

2840

1000

360

2600

340

80

500

880

800

3580

940

4480

19020

3180

680

160

6200

6420

6200

3180

1980

2660

6120

3440

2980

140

1120

1080

860

1520

1180

6480

240

1460

1640

3480

1360

520

700

1080

220

380

880

1020

1460

7340

5460

9320

240

2320

5120

880

6400

11800

1720

400

2900

2700

400

16120

2400

1720

3940

2160

11220

620

11860

800

3300

860

6940

2640

2180

6400

7160

2540

1380

2460

1740

640

160

1260

1340

1960

940

140

180

1260

5020

980

5580

180

180

1760

120

760

2480

1500

2560

180

7580

1260

1980

1360

1840

260

3860

9860

800

1340

6540

2220

740

5300

2560

240

920

1280

2180

3620

4240

180

1760

1140

2060

1500

1800

600

440

2060

860

60

1040

1480

80

5220

520

1300

3800

980

2640

3980

360

2620

2340

1560

80

15140

400

1360

540

3980

5360

3720

3320

140

80

820

5740

4760

1040

2620

380

4260

220

960

2320

2980

4860

1560

1080

560

2320

5580

3640

1780

2360

180

3940

7140

1460

4740

2240

480

4360

600

540

480

10440

720

320

3600

3300

2080

4260

360

15800

6220

340

12240

760

1660

9200

1600

880

2680

2100

1700

700

1440

2120

5760

2000

380

140

1640

1980

7680

1900

480

1240

5680

3460

2940

2280

1480

5740

2420

3980

640

2420

780

1520

4760

6280

3540

1880

400

780

6640

4520

2880

1200

6120

700

1120

1200

8720

7380

4480

3260

1080

1700

440

1620

1200

1280

12500

1040

1700

900

2300

1640

4200

680

1760

3340

2000

3400

4700

1080

1160

5480

2780

360

540

4040

560

3780

920

1020

1220

400

2380

420

640

600

6400

2740

4080

1400

940

60

1980

2060

1320

780

940

2500

1020

3520

3620

1060

3560

3080

1520

2340

640

1400

3040

1320

240

1080

1180

260

60

80

240

1900

800

940

2160

2720

940

600

6100

1680

380

7940

120

1740

800

60

120

1240

5620

240

3880

3880

1200

180

4540

600

120

2900

660

1600

100

4380

200

280

2140

5940

3380

320

1100

2820

1340

320

700

2760

1300

6140

800

280

200

80

340

1040

820

1040

1760

1020

2980

940

2640

400

4680

1100

1400

400

1680

15260

4720

8160

800

2280

580

7220

2140

2080

1180

740

440

1900

2440

860

1700

280

3440

4480

600

680

100

940

1640

1080

3140

10060

10400

4220

340

13960

420

960

80

4280

560

560

5020

80

5840

2540

1020

1760

420

940

180

2640

2460

340

100

800

5140

1160

1660

1060

500

420

1120

1720

4720

2420

240

2380

3720

11040

800

6800

980

900

1640

1360

2420

1240

3960

480

520

10540

1280

5180

740

1760

900

460

620

440

4320

920

4180

5100

2940

340

3420

3220

2660

2180

460

2300

2360

860

900

7900

1460

1340

9420

1100

1980

1000

3920

11680

5760

2120

1240

2040

2240

11200

5060

1240

3620

2480

640

560

3200

2920

5000

720

1020

580

4640

13360

640

15500

3220

1760

880

480

2740

440

1400

1360

300

2840

2640

160

3260

220

1260

60

11860

2300

700

2560

140

680

3120

180

2080

5660

2000

1500

380

5200

7600

1340

1000

1040

4400

5460

4060

1080

2120

2480

3940

2020

160

400

2640

8780

4440

60

680

1800

1220

1740

2340

2000

640

760

860

6020

3060

280

2540

860

220

1140

1800

3200

3240

780

980

5040

1080

3880

5980

3680

2760

960

700

560

480

200

1340

1820

3420

2340

200

3200

1160

140

600

760

1000

1120

9420

3900

1520

2980

3980

2100

4000

80

7560

380

11180

2860

1300

7300

3820

220

3600

360

1060

360

2920

1400

18560

700

3240

1140

1060

2640

60

1220

80

2680

2720

2280

440

6180

120

140

280

340

340

2940

980

340

1860

2180

860

960

1720

7860

1860

4240

1960

2780

1280

1180

160

880

1020

1540

460

580

1380

9120

600

2160

780

2540

1140

620

4340

380

1420

240

13620

3080

2160

1500

4140

700

6460

1160

660

2180

340

580

4820

940

5280

1880

1280

7240

2020

100

3400

6980

2860

1060

780

11200

80

2040

3280

1280

3060

4520

300

480

1480

1080

13340

560

2440

2180

620

760

2480

280

4040

1260

5160

3500

1000

1160

2500

500

4560

1520

680

8020

1500

860

680

2700

3000

1120

8240

1340

1940

5020

2980

7060

1000

500

4080

3060

80

2840

600

2220

5900

960

580

840

1480

4840

3020

80

4460

3120

560

1140

420

440

1400

3240

4320

1580

820

3340

460

2880

120

220

3480

460

2900

760

2040

400

3620

7480

3840

1020

2060

260

100

360

1040

3360

560

1120

640

2080

380

680

6180

240

620

2100

660

1140

1900

220

2800

3660

640

1200

2120

1360

640

260

1020

2900

1420

220

2040

4500

1480

1640

360

940

2940

5640

720

700

300

700

3860

1100

1580

3120

160

1840

140

9940

120

2740

1800

1520

1180

580

2020

320

2440

3080

2440

6420

380

480

160

1360

720

1120

2400

5020

2020

960

5280

2280

2540

6340

3760

1140

60

2580

780

2500

1560

300

4180

3760

6180

1500

960

160

360

120

60

2500

660

6860

2440

780

2420

580

1580

1040

2540

640

2760

1260

300

240

1720

2540

8000

1940

2540

4060

140

2440

300

540

1920

1760

560

2720

1060

2260

11400

280

280

1160

460

340

420

480

200

160

60

4220

420

1280

3400

660

2060

1460

540

3760

6500

380

2460

340

920

1540

7120

2060

1560

880

2020

1360

2100

2460

3860

820

1280

3120

1480

1520

600

600

6620

3520

1300

440

720

680

2380

740

2020

1840

2440

400

460

580

220

3660

100

4160

1200

1340

1880

3360

340

1840

1720

380

3220

2140

1920

520

6940

440

2240

280

1520

5940

2540

380

1680

1400

1320

15340

2360

400

2240

5520

2100

2660

2460

700

5080

360

540

1160

800

5980

740

1380

360

420

4380

1240

1420

960

5480

1880

4380

2900

3360

1260

80

320

1480

10760

1500

600

4280

860

320

3500

1000

2800

2220

5000

600

2980

3200

1640

15840

6700

680

3660

5860

13040

60

680

480

1900

2100

2480

460

3520

3100

6620

1640

1960

240

11300

200

500

5380

900

480

4400

3720

860

1600

6360

120

380

400

400

6060

340

3340

2000

5040

1120

300

960

2480

620

5680

2720

2460

500

1480

600

1040

1840

1060

4160

2120

4880

3140

880

600

2480

9800

1080

1340

7400

7560

580

960

1120

1240

760

3060

3480

3180

900

980

10500

5260

720

2320

720

3400

4280

180

4120

1020

560

1740

2220

2520

1620

640

120

1000

7580

820

1440

3280

4240

2100

3460

340

280

1380

1000

1140

120

2040

3180

2600

4240

100

1560

1100

2140

1420

7280

3360

1600

2540

3000

600

2880

280

360

1500

2700

1340

280

420

420

3220

1980

10360

1140

1320

540

1600

560

3100

2540

6900

2900

1220

920

1600

440

740

740

1300

3100

1460

1220

280

560

4140

600

7460

2900

2400

2880

1700

360

560

1720

360

2060

140

540

3140

2200

700

620

1880

400

2140

7400

4720

180

220

1340

1160

17440

1580

960

1040

1500

2720

1660

60

1100

1560

3720

1620

1080

1780

14240

440

3520

1200

1200

260

5400

2340

3580

2220

420

1460

160

2420

2040

5140

3280

4620

1700

60

6940

660

960

3040

380

3740

9060

860

2160

820

1540

3200

1740

12460

680

1000

1020

100

920

440

740

2660

4360

1100

440

360

1040

540

1540

4040

660

620

500

1280

2320

19540

5320

280

2380

2920

400

4780

3080

2300

4120

440

1820

2500

1920

8020

1220

800

2060

2060

740

2740

1540

60

820

1820

180

2620

3840

2020

2400

1100

1780

2040

4720

1320

280

5580

1360

760

5060

2400

160

3100

4360

6660

1080

11040

980

3480

520

1460

820

560

340

2020

320

3380

10280

6340

1820

4620

980

2980

1240

260

180

4540

3520

460

480

180

2020

2480

11080

4540

2800

4320

2040

5260

2140

2540

5820

700

840

1200

18600

6160

3680

700

3780

1540

4960

