1800

520

1280

3000

1060

3080

300

580

600

4120

220

560

3200

1500

220

180

2640

1120

1580

1100

9200

820

320

1180

340

1240

680

1360

4860

480

520

1820

440

1060

1500

3180

1300

680

3060

540

2280

1000

320

2340

300

5100

640

1300

380

3860

500

1040

2900

11720

320

1040

1760

2580

3100

1480

580

15460

580

860

2980

1560

1880

3620

1740

100

2380

80

380

1360

5860

2220

2140

3720

5000

4140

2680

480

1360

4660

1480

5500

260

2440

3080

1660

7440

800

1820

560

540

2540

1340

1280

2460

3400

1260

860

2720

840

2360

1260

5660

3880

4160

160

7680

420

1020

1280

3220

1720

1100

7400

300

680

3300

1240

1000

1060

6200

580

2500

15180

2260

960

2460

3620

280

6880

11180

720

520

520

80

4220

4800

2540

260

3980

1000

460

440

4460

3420

160

860

2040

1240

1460

4500

2280

3400

980

8460

940

1440

2220

620

4620

560

2280

960

520

1980

640

520

1940

2660

1080

1100

4900

2680

2460

6000

2020

300

1440

560

9440

2000

4600

1220

4300

15500

1040

460

460

8840

6700

300

2180

840

3620

340

4760

4340

2640

6140

1340

3520

1400

1140

6280

7340

380

2080

100

480

8220

5960

820

4160

380

2160

480

1000

320

1780

7280

2580

480

1320

7900

1600

1240

2160

340

1980

760

2940

960

2440

820

4540

160

1460

640

1960

1160

1200

1340

2680

2520

8540

1160

2660

10320

320

820

1080

3060

18760

520

4740

4500

1880

40

2980

100

2300

100

40

40

2460

2600

40

460

360

2100

2600

1220

2420

40

60

240

60

5840

40

40

40

160

2220

5260

60

360

360

60

100

4240

2340

1160

500

280

2140

5160

1500

