585.73	50.000
586.11	50.390
590.56	50.780
579.43	51.169
580.23	51.559
625.82	51.949
738.35	52.339
866.75	52.728
931.39	53.118
1079.2	53.508
1067.2	53.898
1090.6	54.287
1119.9	54.677
1114.7	55.067
1199.9	55.457
1219	55.847
1202.4	56.236
1183.4	56.626
1189.5	57.016
1226.1	57.406
1285.1	57.795
1286.5	58.185
1269.4	58.575
1250.8	58.965
1181.3	59.355
1103.7	59.744
1029.5	60.134
953.16	60.524
877.07	60.914
798.79	61.303
769.46	61.693
756.43	62.083
753.55	62.473
758.35	62.862
765.97	63.252
817.17	63.642
813.92	64.032
811.38	64.422
820.04	64.811
847.66	65.201
846.2	65.591
849.01	65.981
845.35	66.370
844.93	66.760
862.44	67.150
895.17	67.540
868.48	67.930
873.75	68.319
895.29	68.709
915.09	69.099
886.98	69.489
901.73	69.878
911	70.268
924	70.658
941.5	71.048
924.39	71.437
945.38	71.827
942.29	72.217
940.08	72.607
951.04	72.997
996.54	73.386
927.47	73.776
928.21	74.166
933.72	74.556
937.17	74.945
954.03	75.335
962.36	75.725
947.93	76.115
967	76.504
987.72	76.894
951.09	77.284
948.78	77.674
973.98	78.064
972.99	78.453
961.72	78.843
956.17	79.233
928.81	79.623
978.9	80.012
974.89	80.402
975.53	80.792
1000.6	81.182
942.03	81.572
983.83	81.961
980.14	82.351
969.01	82.741
966.78	83.131
994.08	83.520
994.88	83.910
966.55	84.300
973.66	84.690
990.77	85.079
941.79	85.469
937.99	85.859
948.36	86.249
948.18	86.639
945.45	87.028
951.5	87.418
990.71	87.808
955.52	88.198
965.25	88.587
992.17	88.977
1013.6	89.367
992.63	89.757
993.37	90.147
991.13	90.536
981.85	90.926
963.87	91.316
933	91.706
1007.9	92.095
998.84	92.485
987.79	92.875
980.99	93.265
964.07	93.654
969.58	94.044
951.66	94.434
965.09	94.824
979.74	95.214
961.03	95.603
957.14	95.993
929.7	96.383
940.4	96.773
952.53	97.162
952.05	97.552
997.96	97.942
961.32	98.332
961.66	98.721
965.71	99.111
964.01	99.501
954.47	99.891
973.96	100.281
958.94	100.670
949.93	101.060
956.51	101.450
985.59	101.840
934.29	102.229
968.8	102.619
983.07	103.009
977.31	103.399
957.06	103.789
963.24	104.178
974.04	104.568
954.61	104.958
948.71	105.348
958.76	105.737
922.13	106.127
949.92	106.517
947.68	106.907
957.4	107.296
955.82	107.686
886.68	108.076
953.05	108.466
935.17	108.856
935.71	109.245
948.36	109.635
961.09	110.025
932.51	110.415
945.15	110.804
939.03	111.194
925.2	111.584
912.4	111.974
918.16	112.364
922.57	112.753
929.6	113.143
938.56	113.533
946.67	113.923
949.33	114.312
940.72	114.702
937.5	115.092
937.74	115.482
937.63	115.871
932.55	116.261
901.71	116.651
897.1	117.041
903.81	117.431
912.42	117.820
917.02	118.210
909.3	118.600
950.42	118.990
941.85	119.379
914.62	119.769
894.45	120.159
916.9	120.549
932.98	120.939
900.11	121.328
902.68	121.718
920.49	122.108
931.98	122.498
900.97	122.887
942.04	123.277
918.07	123.667
907.22	124.057
920.72	124.446
911.82	124.836
910.38	125.226
926.22	125.616
951.91	126.006
963.08	126.395
931.05	126.785
888.55	127.175
940.46	127.565
960.54	127.954
952.89	128.344
931.47	128.734
962.95	129.124
967.3	129.513
920.96	129.903
900.64	130.293
918.35	130.683
962.43	131.073
923.9	131.462
914.78	131.852
914.17	132.242
930.65	132.632
967.52	133.021
979.1	133.411
933.01	133.801
924.27	134.191
930.21	134.581
941.25	134.970
951.67	135.360
932.08	135.750
937.44	136.140
931.14	136.529
918.07	136.919
909.59	137.309
912.05	137.699
991.42	138.088
1102.6	138.478
1178.8	138.868
1200.9	139.258
1253.4	139.648
1292.2	140.037
1305.6	140.427
1283.9	140.817
1253.1	141.207
1259.5	141.596
1328.6	141.986
1327.2	142.376
1453.7	142.766
1820.8	143.156
2441.7	143.545
3063.8	143.935
3395.7	144.325
3664.3	144.715
3821.2	145.104
3874.9	145.494
3888.9	145.884
3711.3	146.274
3788.4	146.663
3880	147.053
3920.7	147.443
3882.8	147.833
3913.3	148.223
3881.5	148.612
3971.2	149.002
3961	149.392
3792.4	149.782
3472.3	150.171
3033.9	150.561
2599.8	150.951
2112.6	151.341
1645.4	151.730
1272.3	152.120
1051.6	152.510
982.03	152.900
951.35	153.290
926.56	153.679
900.56	154.069
877.65	154.459
888.61	154.849
895.78	155.238
921.91	155.628
940.53	156.018
929.06	156.408
922.99	156.798
936.11	157.187
945.22	157.577
937.02	157.967
922.86	158.357
944.55	158.746
893.15	159.136
905.6	159.526
912.83	159.916
925.57	160.305
950.62	160.695
917.06	161.085
894.97	161.475
887.9	161.865
906.9	162.254
936.71	162.644
932.08	163.034
898.3	163.424
924.26	163.813
921.13	164.203
913.54	164.593
924.12	164.983
933.25	165.373
936.12	165.762
920.45	166.152
917.11	166.542
917.53	166.932
885.99	167.321
906.88	167.711
934.72	168.101
922.86	168.491
918.85	168.880
946.9	169.270
931.42	169.660
904.14	170.050
905.78	170.440
903.6	170.829
908	171.219
946.47	171.609
944.9	171.999
909.08	172.388
907.83	172.778
928.49	173.168
951.1	173.558
923.85	173.947
916.49	174.337
906.19	174.727
919.52	175.117
933.33	175.507
913.6	175.896
892.19	176.286
918.25	176.676
928.21	177.066
949.45	177.455
976.48	177.845
956.49	178.235
907.94	178.625
913.78	179.015
904.42	179.404
895.38	179.794
905.3	180.184
919.89	180.574
947.92	180.963
906	181.353
882.41	181.743
891.02	182.133
906.2	182.522
898.2	182.912
922	183.302
933.89	183.692
922.42	184.082
892.35	184.471
897.5	184.861
944.05	185.251
936.53	185.641
916.42	186.030
912.43	186.420
948.55	186.810
917.57	187.200
914.28	187.590
904.21	187.979
910.93	188.369
931.08	188.759
927.72	189.149
904.31	189.538
895.3	189.928
901.93	190.318
921.19	190.708
940.46	191.097
891.04	191.487
916.97	191.877
926.19	192.267
931.98	192.657
930.83	193.046
914.43	193.436
920.19	193.826
924.18	194.216
913.24	194.605
920.46	194.995
946.18	195.385
938.57	195.775
917.77	196.165
933.75	196.554
933.26	196.944
931.08	197.334
941.29	197.724
931.51	198.113
925.86	198.503
947.63	198.893
945.95	199.283
926.78	199.672
921.37	200.062
946.69	200.452
919.15	200.842
905.94	201.232
920.16	201.621
948.76	202.011
932.14	202.401
922.88	202.791
917.56	203.180
918.82	203.570
918.9	203.960
909.86	204.350
882.2	204.739
906.16	205.129
911.17	205.519
910.93	205.909
912.21	206.299
921.32	206.688
953.46	207.078
907.79	207.468
922.85	207.858
919.94	208.247
900.1	208.637
949.62	209.027
926.56	209.417
920.22	209.807
924.72	210.196
914.49	210.586
891.24	210.976
951.63	211.366
923.23	211.755
935.33	212.145
917.49	212.535
903.79	212.925
936.29	213.314
937.13	213.704
956.16	214.094
934.7	214.484
931.41	214.874
940.57	215.263
922.49	215.653
915.18	216.043
921.81	216.433
922.58	216.822
923.19	217.212
925.72	217.602
927.84	217.992
916.08	218.382
905.73	218.771
917.42	219.161
934.31	219.551
941.61	219.941
937.28	220.330
929.87	220.720
918.8	221.110
924.33	221.500
940.5	221.889
956.24	222.279
974.84	222.669
922.5	223.059
928.75	223.449
927.57	223.838
909.86	224.228
891.42	224.618
923.92	225.008
921.97	225.397
934	225.787
940.02	226.177
939.45	226.567
952.33	226.956
956.44	227.346
943.9	227.736
904.96	228.126
892.34	228.516
919.76	228.905
916.27	229.295
915.56	229.685
932.39	230.075
946.51	230.464
941.95	230.854
919.96	231.244
957.19	231.634
935.03	232.024
926.21	232.413
921.82	232.803
932.99	233.193
965.01	233.583
930.21	233.972
967.2	234.362
961.55	234.752
947.53	235.142
949.24	235.531
983.56	235.921
902.39	236.311
960.37	236.701
951.51	237.091
957.51	237.480
977.93	237.870
948.24	238.260
963.18	238.650
911.57	239.039
912.85	239.429
927.05	239.819
932.22	240.209
929.53	240.599
934.4	240.988
930.22	241.378
941.73	241.768
932.82	242.158
900.77	242.547
925.73	242.937
935.89	243.327
909.94	243.717
913.27	244.106
937.1	244.496
956.87	244.886
913.63	245.276
912.18	245.666
933.16	246.055
935.37	246.445
932.23	246.835
940.24	247.225
938.04	247.614
950.61	248.004
934.73	248.394
927.39	248.784
927.4	249.173
922.14	249.563
882.75	249.953
929.48	250.343
936.85	250.733
929.32	251.122
919.72	251.512
920.57	251.902
972.81	252.292
963.74	252.681
972.78	253.071
956.98	253.461
921.99	253.851
900.22	254.241
934.11	254.630
932.1	255.020
922.39	255.410
913.67	255.800
911.57	256.189
919.67	256.579
935.29	256.969
927.24	257.359
946.21	257.748
962.62	258.138
957.08	258.528
918.1	258.918
916.51	259.308
943.83	259.697
1005.4	260.087
1050.2	260.477
1056	260.867
1029.9	261.256
1084.4	261.646
1081	262.036
1086.4	262.426
1096.7	262.816
1113.9	263.205
1149.3	263.595
1095.5	263.985
1105.6	264.375
1117	264.764
1116.4	265.154
1110	265.544
1130.6	265.934
1122.6	266.323
1129.5	266.713
1084.4	267.103
1046.5	267.493
1033.2	267.883
991.94	268.272
974.21	268.662
979.52	269.052
942.34	269.442
926.6	269.831
943.26	270.221
911.49	270.611
946.29	271.001
925.65	271.390
934.82	271.780
936.57	272.170
914.62	272.560
891.83	272.950
917.75	273.339
925.68	273.729
930.22	274.119
928.98	274.509
930.5	274.898
963.03	275.288
928.25	275.678
909.26	276.068
928.88	276.458
942.12	276.847
935.5	277.237
945.88	277.627
932.91	278.017
943.68	278.406
937.23	278.796
941.37	279.186
951.78	279.576
917.02	279.965
961.41	280.355
951.07	280.745
937.31	281.135
944.05	281.525
964.81	281.914
957.43	282.304
902.82	282.694
944.26	283.084
947.64	283.473
951.31	283.863
958.19	284.253
933.69	284.643
962.87	285.033
953.5	285.422
936.54	285.812
925.41	286.202
935.56	286.592
980.57	286.981
926.47	287.371
945.04	287.761
949.67	288.151
935.77	288.540
925.13	288.930
952.85	289.320
934.34	289.710
974.27	290.100
968.18	290.489
973.04	290.879
986.42	291.269
976.91	291.659
939.71	292.048
939.05	292.438
947.26	292.828
947.71	293.218
941.71	293.608
938.86	293.997
956.78	294.387
944.39	294.777
927.88	295.167
923.43	295.556
931.15	295.946
940.06	296.336
905.27	296.726
970.02	297.115
941.41	297.505
959.15	297.895
965.1	298.285
917.56	298.675
981.77	299.064
965.59	299.454
949.05	299.844
942.55	300.234
946.1	300.623
956.64	301.013
969.58	301.403
917.85	301.793
950.16	302.182
959.5	302.572
951.6	302.962
948.05	303.352
983.34	303.742
922.58	304.131
953.81	304.521
925.27	304.911
923.28	305.301
953.32	305.690
933.52	306.080
940.2	306.470
962.93	306.860
959.57	307.250
969.88	307.639
969.34	308.029
906.31	308.419
943.91	308.809
956.14	309.198
942.19	309.588
945.81	309.978
956.45	310.368
947.75	310.757
931.68	311.147
946.69	311.537
905.79	311.927
922.24	312.317
956.23	312.706
953.83	313.096
936.22	313.486
972.18	313.876
932.82	314.265
949.11	314.655
967.32	315.045
954.11	315.435
958.39	315.825
943.78	316.214
976.79	316.604
963.55	316.994
940.39	317.384
933.63	317.773
949.94	318.163
922.71	318.553
946.98	318.943
940.53	319.332
954.95	319.722
974.13	320.112
950.94	320.502
941.54	320.892
935.02	321.281
927.82	321.671
929.43	322.061
938.22	322.451
948.89	322.840
958.69	323.230
938.7	323.620
971.22	324.010
967.81	324.399
955.06	324.789
951.45	325.179
920.38	325.569
957.09	325.959
940	326.348
947.74	326.738
963.49	327.128
970.28	327.518
957.08	327.907
927.52	328.297
953.47	328.687
944.15	329.077
936.1	329.467
939.5	329.856
954.47	330.246
1022.9	330.636
979.69	331.026
957.79	331.415
954.19	331.805
954.57	332.195
947.34	332.585
940.83	332.974
931.36	333.364
962.07	333.754
960.67	334.144
947.21	334.534
955.02	334.923
1020	335.313
946.31	335.703
935.36	336.093
948.85	336.482
962.73	336.872
967.79	337.262
963.93	337.652
935.71	338.042
939.47	338.431
946.45	338.821
953.19	339.211
950.3	339.601
939.64	339.990
963.86	340.380
972.68	340.770
946.45	341.160
945.13	341.549
950.29	341.939
953.16	342.329
966.69	342.719
961.76	343.109
929.15	343.498
936.25	343.888
949.95	344.278
955.59	344.668
954.77	345.057
987.42	345.447
955.81	345.837
962.28	346.227
956.38	346.616
953.71	347.006
960.25	347.396
924.52	347.786
940.88	348.176
900.03	348.565
916.54	348.955
923.61	349.345
918.95	349.735
962.67	350.124
958.69	350.514
971.73	350.904
963.25	351.294
961.7	351.684
958.57	352.073
940.04	352.463
924.43	352.853
961.45	353.243
973.06	353.632
978.49	354.022
976.88	354.412
969.03	354.802
960.45	355.191
980.58	355.581
959.01	355.971
966.99	356.361
984.85	356.751
985.65	357.140
954.92	357.530
965.74	357.920
936.67	358.310
933.14	358.699
947.13	359.089
964.96	359.479
973.13	359.869
962.72	360.259
961.11	360.648
978.23	361.038
971.25	361.428
963.91	361.818
958.85	362.207
948.25	362.597
963.15	362.987
978.33	363.377
989.81	363.766
995.56	364.156
978.43	364.546
948.16	364.936
973.65	365.326
962.92	365.715
973.62	366.105
979	366.495
959.98	366.885
943.48	367.274
977.57	367.664
1033.3	368.054
981.33	368.444
932.99	368.833
936	369.223
956.66	369.613
959.86	370.003
950.74	370.393
992.5	370.782
921.07	371.172
930.93	371.562
930.76	371.952
927.01	372.341
973.32	372.731
936.77	373.121
968.83	373.511
950.54	373.901
935.64	374.290
942.97	374.680
967.52	375.070
975.24	375.460
968.55	375.849
951.97	376.239
976.39	376.629
967.96	377.019
946.89	377.408
949.41	377.798
950.45	378.188
942.5	378.578
937.86	378.968
943.19	379.357
945.27	379.747
974.29	380.137
939.23	380.527
954.01	380.916
932.43	381.306
935.7	381.696
941.95	382.086
925.79	382.476
917.78	382.865
911.19	383.255
945.92	383.645
984.78	384.035
994.76	384.424
922.4	384.814
934.71	385.204
943.23	385.594
942.97	385.983
949.15	386.373
963.21	386.763
945.43	387.153
977	387.543
938.16	387.932
923.84	388.322
937.61	388.712
961.53	389.102
960.84	389.491
954.27	389.881
926.64	390.271
931.94	390.661
961.65	391.051
973.9	391.440
924.84	391.830
920.98	392.220
929.16	392.610
948.89	392.999
967.84	393.389
961.4	393.779
927.3	394.169
952.46	394.558
939.95	394.948
943.51	395.338
957.73	395.728
959.46	396.118
940.31	396.507
918.3	396.897
955.98	397.287
935.98	397.677
915.53	398.066
905.91	398.456
912.48	398.846
934.65	399.236
964.19	399.625
966.44	400.015
950.82	400.405
952.42	400.795
959.85	401.185
956.31	401.574
964.55	401.964
952.08	402.354
949.32	402.744
945.91	403.133
948.71	403.523
954.5	403.913
942.16	404.303
950.62	404.693
967.09	405.082
953.14	405.472
945.35	405.862
950.05	406.252
950.52	406.641
919.82	407.031
927.28	407.421
941.21	407.811
956.79	408.200
962.92	408.590
956.55	408.980
963.18	409.370
952.84	409.760
948.47	410.149
961.47	410.539
966.56	410.929
956.32	411.319
948.54	411.708
956.86	412.098
939.26	412.488
960.08	412.878
956.92	413.268
943.76	413.657
957.23	414.047
958.06	414.437
971.22	414.827
984.83	415.216
960.58	415.606
932.11	415.996
925.91	416.386
932.24	416.775
944.02	417.165
916.95	417.555
935.69	417.945
944.03	418.335
932.49	418.724
930.72	419.114
1006.2	419.504
938.04	419.894
947.82	420.283
941.6	420.673
948.27	421.063
984.97	421.453
973.58	421.842
937.59	422.232
950.47	422.622
959.93	423.012
969.72	423.402
964.66	423.791
923	424.181
948.65	424.571
942.07	424.961
960.97	425.350
940.83	425.740
921.29	426.130
939.28	426.520
937.16	426.910
978.62	427.299
957.41	427.689
952.39	428.079
967.81	428.469
989.59	428.858
992.12	429.248
951.97	429.638
943.95	430.028
967.74	430.417
953.62	430.807
941.35	431.197
966.55	431.587
955.71	431.977
946.02	432.366
956.23	432.756
955.23	433.146
952.57	433.536
946.84	433.925
928.22	434.315
929.88	434.705
964.74	435.095
955.72	435.485
928.69	435.874
933.7	436.264
981.61	436.654
970.9	437.044
922.41	437.433
931.09	437.823
941.57	438.213
977.61	438.603
997.62	438.992
934.88	439.382
935.73	439.772
962.99	440.162
947.07	440.552
948.32	440.941
959	441.331
961.22	441.721
947.95	442.111
987.61	442.500
925.12	442.890
955.51	443.280
981.27	443.670
979.46	444.059
969.3	444.449
920.38	444.839
985.93	445.229
971.68	445.619
956.58	446.008
950.31	446.398
956.27	446.788
978.73	447.178
958.14	447.567
1002.8	447.957
971.11	448.347
958.2	448.737
962.24	449.127
959.44	449.516
982.27	449.906
966.08	450.296
958.14	450.686
991.39	451.075
997.86	451.465
971.17	451.855
960.53	452.245
971.67	452.634
996.73	453.024
971.9	453.414
964.91	453.804
978.61	454.194
987.58	454.583
947.82	454.973
1016.3	455.363
968.42	455.753
975.27	456.142
960.3	456.532
947.84	456.922
983.71	457.312
1009.9	457.702
992.23	458.091
974.27	458.481
982.89	458.871
994.04	459.261
998.02	459.650
1000.1	460.040
964.39	460.430
990.96	460.820
996.11	461.209
981.78	461.599
973.52	461.989
975.65	462.379
949.31	462.769
938.45	463.158
970.55	463.548
975.17	463.938
964.85	464.328
962.27	464.717
980.71	465.107
993.27	465.497
1013.8	465.887
1013.3	466.276
1019.8	466.666
1007.4	467.056
970.5	467.446
930.39	467.836
963.06	468.225
979.47	468.615
970.37	469.005
973.88	469.395
969.83	469.784
959.1	470.174
974.72	470.564
979.68	470.954
989.37	471.344
983.18	471.733
972.3	472.123
972.56	472.513
983.86	472.903
974.1	473.292
992.05	473.682
968.82	474.072
975.21	474.462
981.15	474.851
982.79	475.241
985.69	475.631
981.34	476.021
1005.2	476.411
973.19	476.800
970.26	477.190
988.7	477.580
989.83	477.970
948.25	478.359
992.86	478.749
993.72	479.139
1019.6	479.529
1027.5	479.919
1012.5	480.308
990.45	480.698
985.33	481.088
958.32	481.478
949.22	481.867
973.5	482.257
995.49	482.647
990.59	483.037
976.97	483.426
1016.2	483.816
980.09	484.206
946.9	484.596
975	484.986
981.18	485.375
970.2	485.765
970.98	486.155
1001.5	486.545
975.4	486.934
980.48	487.324
969.51	487.714
972.56	488.104
995.62	488.494
1017	488.883
977.48	489.273
986.82	489.663
954.91	490.053
996.37	490.442
992.9	490.832
965.08	491.222
978.16	491.612
985.61	492.001
994.77	492.391
992.42	492.781
976.77	493.171
995.29	493.561
1003.9	493.950
950.41	494.340
991.18	494.730
1001	495.120
978.89	495.509
979.35	495.899
974.28	496.289
968.24	496.679
991.24	497.068
1054.9	497.458
1014.2	497.848
1044.2	498.238
1098.3	498.628
1141.9	499.017
1166.1	499.407
1187.2	499.797
1237.7	500.187
1237	500.576
1245.4	500.966
1236.2	501.356
1231.7	501.746
1236.4	502.136
1240	502.525
1306.8	502.915
1312.4	503.305
1261	503.695
1220.3	504.084
1198.5	504.474
1194.1	504.864
1196.4	505.254
1132.6	505.643
1148.3	506.033
1085.4	506.423
1092.1	506.813
1092.8	507.203
1071.3	507.592
1093.8	507.982
1075.7	508.372
1128.8	508.762
1114.3	509.151
1095.7	509.541
1105.7	509.931
1134.9	510.321
1140.5	510.711
1121.6	511.100
1160.8	511.490
1146.1	511.880
1140.3	512.270
1137.6	512.659
1143.3	513.049
1171	513.439
1134.1	513.829
1093.3	514.218
1044.5	514.608
1006	514.998
1003.8	515.388
1016.8	515.778
997.44	516.167
1008.5	516.557
980.76	516.947
980.5	517.337
981.69	517.726
993.52	518.116
1008.1	518.506
1007.1	518.896
1014.9	519.285
1010.2	519.675
1012.5	520.065
1020.2	520.455
1028.8	520.845
1021.7	521.234
991.57	521.624
1007.6	522.014
1033.8	522.404
1016.4	522.793
1010.2	523.183
1012	523.573
1008.3	523.963
991.88	524.353
987.46	524.742
1001.6	525.132
997.37	525.522
1003.9	525.912
1022.7	526.301
1035	526.691
1026.2	527.081
1019.7	527.471
1011.3	527.860
1016.9	528.250
1021.6	528.640
1025.1	529.030
1029.5	529.420
1026.1	529.809
985.02	530.199
997.01	530.589
1004.4	530.979
1034	531.368
1019.7	531.758
996.85	532.148
1011.4	532.538
1052	532.928
994.87	533.317
1020.5	533.707
1003.4	534.097
1004.5	534.487
1011.3	534.876
1008.1	535.266
1003	535.656
1016	536.046
1030.8	536.435
1048.5	536.825
1038.5	537.215
1031.8	537.605
1037.8	537.995
1035.4	538.384
1012.1	538.774
1060.7	539.164
1072	539.554
1045.7	539.943
1027.9	540.333
1002.8	540.723
951.97	541.113
1011.7	541.502
1012.6	541.892
1076.5	542.282
1043.3	542.672
1012.5	543.062
1018.9	543.451
1044.6	543.841
1051.5	544.231
1028.6	544.621
1032.4	545.010
1052.2	545.400
1041.8	545.790
1018.3	546.180
1001.5	546.570
986.52	546.959
1041.2	547.349
1022.7	547.739
1027.6	548.129
1036.6	548.518
1041.8	548.908
1027.3	549.298
990.19	549.688
1039.9	550.077
1025.3	550.467
1023.1	550.857
1013.1	551.247
1016.2	551.637
1028.8	552.026
1037.4	552.416
1055	552.806
1020	553.196
1045	553.585
1034.3	553.975
1036.2	554.365
1033.8	554.755
1012.9	555.145
1010.2	555.534
1039.2	555.924
1021.6	556.314
1033.3	556.704
1043.9	557.093
1059.2	557.483
1062.7	557.873
1028.9	558.263
1042.2	558.652
1022.8	559.042
1075.9	559.432
1046.8	559.822
1022.5	560.212
1027.7	560.601
1035.1	560.991
1036.6	561.381
1003	561.771
1027.9	562.160
1054.5	562.550
1048.9	562.940
1014.1	563.330
992.55	563.719
1041.8	564.109
1059.7	564.499
1018.1	564.889
1005.5	565.279
1012.5	565.668
1034.1	566.058
1043.2	566.448
1022.7	566.838
1051.5	567.227
1041.5	567.617
1030.6	568.007
1044.9	568.397
1054.4	568.787
1055.3	569.176
1047.4	569.566
1018.1	569.956
1096.2	570.346
1047.9	570.735
1042.4	571.125
1025.7	571.515
1034.5	571.905
1062.7	572.294
1058.4	572.684
1043.8	573.074
1019.8	573.464
1037.7	573.854
1032.2	574.243
1056	574.633
1078.3	575.023
1060.7	575.413
1046.2	575.802
1051.3	576.192
1036.9	576.582
1050.7	576.972
1067.6	577.362
1076.2	577.751
1063.6	578.141
1026.4	578.531
1018.8	578.921
1023.1	579.310
1005.8	579.700
1037.9	580.090
1052	580.480
1045.4	580.869
1049.5	581.259
1078.5	581.649
1083.5	582.039
1035	582.429
1026.5	582.818
1062.6	583.208
1071.8	583.598
1050.9	583.988
1050.6	584.377
1018.1	584.767
1039.3	585.157
1077	585.547
1063.6	585.937
1044.5	586.326
1043.3	586.716
1057.9	587.106
1068.1	587.496
1055.9	587.885
1067.9	588.275
1079	588.665
1076.4	589.055
1071.1	589.444
1068.2	589.834
1067	590.224
1072.8	590.614
1030.4	591.004
1058.6	591.393
1046.5	591.783
1042.2	592.173
1063.7	592.563
1081.2	592.952
1051.7	593.342
1091.7	593.732
1052.2	594.122
1061.2	594.511
1050.6	594.901
1061.5	595.291
1078.4	595.681
1076.5	596.071
1077.9	596.460
1035.7	596.850
1078	597.240
1091.3	597.630
1054.2	598.019
1042.5	598.409
1042.3	598.799
1006.8	599.189
1058	599.579
1052.8	599.968
1046.2	600.358
1061.6	600.748
1055.7	601.138
1046.3	601.527
1057.2	601.917
1081.7	602.307
1057.6	602.697
1087.7	603.086
1082.1	603.476
1050.6	603.866
1045.1	604.256
1053.9	604.646
1050	605.035
1040.2	605.425
1046	605.815
1044.5	606.205
1056.4	606.594
1063.9	606.984
1066.3	607.374
1069.5	607.764
1064.7	608.154
1015	608.543
1097.1	608.933
1084.1	609.323
1042.7	609.713
1052.5	610.102
1072.9	610.492
1083.2	610.882
1092.3	611.272
1061.8	611.661
1067.1	612.051
1074.6	612.441
1083.3	612.831
1060.2	613.221
1056.3	613.610
1069	614.000
1044.4	614.390
1099.9	614.780
1043.2	615.169
1103.4	615.559
1089.4	615.949
1055.7	616.339
1054.6	616.728
1079.7	617.118
1068.1	617.508
1026.3	617.898
1087.6	618.288
1058.1	618.677
1089.6	619.067
1088.5	619.457
1073	619.847
1068.7	620.236
1016.9	620.626
981.39	621.016
1050.4	621.406
1033.2	621.796
1057.7	622.185
1048.8	622.575
1036.8	622.965
1056.7	623.355
1026.5	623.744
1043	624.134
1047.1	624.524
1091.2	624.914
1037.8	625.303
1028.9	625.693
1072	626.083
1088.3	626.473
1076.3	626.863
1033.1	627.252
1082.9	627.642
1076.3	628.032
1046.3	628.422
1058.7	628.811
1086	629.201
1070.8	629.591
1050.2	629.981
1052	630.371
1070.1	630.760
1031.4	631.150
1041.6	631.540
1056.6	631.930
1053.9	632.319
1043.4	632.709
1023.8	633.099
1050.8	633.489
1034.4	633.878
1068.7	634.268
1065.3	634.658
1043.6	635.048
1026.7	635.438
1036.3	635.827
1109.4	636.217
1053.1	636.607
1077.5	636.997
1061.9	637.386
1046.8	637.776
1051.8	638.166
1060.8	638.556
1054.2	638.945
1052.4	639.335
1027.3	639.725
1037.7	640.115
1060.2	640.505
1069.7	640.894
1060.5	641.284
1046.3	641.674
1045.8	642.064
1064.3	642.453
1090.1	642.843
1084.6	643.233
1077.3	643.623
1099.7	644.013
1102	644.402
1080.7	644.792
1060.6	645.182
1050.3	645.572
1100.3	645.961
1091.4	646.351
1100.4	646.741
1085	647.131
1087.1	647.520
1089	647.910
1077.3	648.300
1095.3	648.690
1083.3	649.080
1050.3	649.469
1092.8	649.859
1076.9	650.249
1052.4	650.639
1055.9	651.028
1078.9	651.418
1075.5	651.808
1012.8	652.198
1104.4	652.588
1080.1	652.977
1095.6	653.367
1107.2	653.757
1082.9	654.147
1057.8	654.536
1092.1	654.926
1102.9	655.316
1082	655.706
1049.7	656.095
1073.1	656.485
1076.6	656.875
1086.1	657.265
1095.2	657.655
1071.1	658.044
1077.9	658.434
1113.2	658.824
1112.5	659.214
1088.8	659.603
1059	659.993
1051.5	660.383
1056.1	660.773
1049.6	661.162
1046.8	661.552
1045.2	661.942
1081.6	662.332
1056	662.722
1052	663.111
1084.2	663.501
1095.7	663.891
1071.6	664.281
1088.6	664.670
1070.4	665.060
1086.5	665.450
1117.6	665.840
1073.6	666.230
1068.3	666.619
1093.5	667.009
1095.8	667.399
1063	667.789
1069.1	668.178
1063.1	668.568
1060.1	668.958
1055.8	669.348
1076.9	669.737
1094.4	670.127
1084.7	670.517
1062.5	670.907
1076.3	671.297
1050.4	671.686
1119.7	672.076
1086.5	672.466
1075.8	672.856
1081.6	673.245
1098	673.635
1102.9	674.025
1061.8	674.415
1096.8	674.805
1086.6	675.194
1131.7	675.584
1115.9	675.974
1107.4	676.364
1104.6	676.753
1101.4	677.143
1110.1	677.533
1112.2	677.923
1071	678.312
1105.5	678.702
1130.5	679.092
1125.3	679.482
1096.6	679.872
1094	680.261
1129.4	680.651
1122.1	681.041
1116.5	681.431
1135	681.820
1134.6	682.210
1124.1	682.600
1115.1	682.990
1099.5	683.380
1092.6	683.769
1115.1	684.159
1095.1	684.549
1169.2	684.939
1112.6	685.328
1072.6	685.718
1090.5	686.108
1114.5	686.498
1129.6	686.887
1145.8	687.277
1145.5	687.667
1141.5	688.057
1115.6	688.447
1122.3	688.836
1074.5	689.226
1100.5	689.616
1122.4	690.006
1090	690.395
1073	690.785
1086.2	691.175
1074.2	691.565
1134.9	691.954
1085.3	692.344
1082.3	692.734
1107	693.124
1121.9	693.514
1132.4	693.903
1171.4	694.293
1143.7	694.683
1142.1	695.073
1118.4	695.462
1110.1	695.852
1083.7	696.242
1098.4	696.632
1152.5	697.022
1174.5	697.411
1144.5	697.801
1083.3	698.191
1143.7	698.581
1118.2	698.970
1149.8	699.360
1168.4	699.750
1137.2	700.140
1095	700.529
1109.1	700.919
1156	701.309
1101.7	701.699
1097.9	702.089
1135.8	702.478
1108.9	702.868
1095.1	703.258
1104.9	703.648
1094.4	704.037
1078.2	704.427
1166	704.817
1087.9	705.207
1113.1	705.597
1100.1	705.986
1088.7	706.376
1095.8	706.766
1105.1	707.156
1102.6	707.545
1116.4	707.935
1108.2	708.325
1105.8	708.715
1125.7	709.104
1103.5	709.494
1108.8	709.884
1128.9	710.274
1125.4	710.664
1102	711.053
1114.6	711.443
1151.4	711.833
1059.6	712.223
1125.9	712.612
1141.4	713.002
1132.3	713.392
1148.7	713.782
1162.7	714.171
1114.1	714.561
1138.2	714.951
1164.5	715.341
1133.1	715.731
1101.6	716.120
1111.3	716.510
1148.6	716.900
1171.9	717.290
1151.2	717.679
1110.2	718.069
1168.6	718.459
1126.3	718.849
1164	719.239
1107.9	719.628
1100.6	720.018
1125.2	720.408
1146.4	720.798
1152.2	721.187
1140.6	721.577
1116.9	721.967
1181.6	722.357
1150.1	722.746
1135	723.136
1121.8	723.526
1129.6	723.916
1144	724.306
1149.4	724.695
1170.4	725.085
1143.4	725.475
1091.4	725.865
1121.2	726.254
1111.2	726.644
1138.4	727.034
1150.9	727.424
1141.8	727.814
1149.1	728.203
1161.3	728.593
1133.4	728.983
1173.2	729.373
1182.7	729.762
1197.1	730.152
1165.9	730.542
1145.1	730.932
1144.9	731.321
1144.2	731.711
1164.7	732.101
1137.6	732.491
1196.7	732.881
1202	733.270
1204	733.660
1163.8	734.050
1163.1	734.440
1185.4	734.829
1187	735.219
1224.7	735.609
1197	735.999
1236.5	736.388
1168.2	736.778
1197.2	737.168
1213.7	737.558
1202.1	737.948
1195.4	738.337
1200.1	738.727
1183.4	739.117
1222.6	739.507
1280.5	739.896
1216.7	740.286
1224.5	740.676
1234	741.066
1249	741.456
1254.2	741.845
1252.8	742.235
1274.8	742.625
1236.5	743.015
1273.3	743.404
1266.2	743.794
1292.3	744.184
1290.4	744.574
1293.7	744.963
1299.2	745.353
1300.7	745.743
1312.2	746.133
1312.7	746.523
1323.1	746.912
1320.7	747.302
1354.1	747.692
1326.4	748.082
1308.7	748.471
1313.8	748.861
1326	749.251
1336	749.641
1333.3	750.031
1353.3	750.420
1354.2	750.810
1375.8	751.200
1370.2	751.590
1346.2	751.979
1364.4	752.369
1417.2	752.759
1433.9	753.149
1395.1	753.538
1463.9	753.928
1448.2	754.318
1461.9	754.708
1517.4	755.098
1511.2	755.487
1568.2	755.877
1638.2	756.267
1640.6	756.657
1653.7	757.046
1687.1	757.436
1819.5	757.826
1844.7	758.216
1922.6	758.605
2048.6	758.995
2228.7	759.385
2421.5	759.775
2659.7	760.165
3029.4	760.554
3513	760.944
4314	761.334
5000.6	761.724
5872.7	762.113
6538.6	762.503
6948.3	762.893
7301.9	763.283
7680	763.673
8053.3	764.062
8395.7	764.452
8367	764.842
8692.7	765.232
8660	765.621
8536	766.011
8305.5	766.401
7997	766.791
7579.7	767.180
7052.2	767.570
6436.5	767.960
5644.1	768.350
4968.1	768.740
4330.9	769.129
3618.1	769.519
3096.2	769.909
2681.4	770.299
2403.9	770.688
2254.1	771.078
2154.4	771.468
2053.3	771.858
1947.1	772.248
1897.4	772.637
1845.7	773.027
1826.3	773.417
1814.9	773.807
1818.7	774.196
1816.4	774.586
1815.6	774.976
1841	775.366
1842.7	775.755
1908.4	776.145
1956.6	776.535
1996.5	776.925
2008.3	777.315
2090.5	777.704
2194.3	778.094
2263.9	778.484
2372.7	778.874
2614.6	779.263
2685.8	779.653
2984.5	780.043
3142.5	780.433
3523.4	780.822
4068.5	781.212
4802.3	781.602
5821.1	781.992
7298.6	782.382
9322.7	782.771
11711	783.161
14199	783.551
17105	783.941
19166	784.330
20973	784.720
22226	785.110
23253	785.500
24202	785.890
24973	786.279
25537	786.669
26132	787.059
26313	787.449
25934	787.838
25010	788.228
23927	788.618
22278	789.008
20206	789.397
17791	789.787
15158	790.177
12618	790.567
10243	790.957
8013.1	791.346
6500.5	791.736
5591.8	792.126
4849.5	792.516
4233.3	792.905
3866.9	793.295
3642.6	793.685
3392.3	794.075
3182.5	794.465
3111.3	794.854
2917.6	795.244
2921.1	795.634
2780.8	796.024
2711.2	796.413
2631.1	796.803
2516.6	797.193
2437.7	797.583
2373.6	797.972
2172.1	798.362
2008	798.752
1887	799.142
1762.3	799.532
1682.4	799.921
1590.4	800.311
1493.7	800.701
1424.7	801.091
1389.1	801.480
1374.7	801.870
1367.3	802.260
1291.7	802.650
1302.3	803.040
1266.9	803.429
1234.8	803.819
1247.2	804.209
1229.6	804.599
1205.4	804.988
1192.1	805.378
1188.8	805.768
1206.4	806.158
1146.1	806.547
1195.1	806.937
1233.2	807.327
1186.4	807.717
1147.5	808.107
1142.8	808.496
1153.3	808.886
1162.8	809.276
1153.4	809.666
1115.7	810.055
1148.6	810.445
1162.5	810.835
1125.7	811.225
1099.4	811.614
1076.3	812.004
1105.4	812.394
1119.3	812.784
1111.6	813.174
1122.6	813.563
1132.6	813.953
1097.9	814.343
1121.8	814.733
1129.6	815.122
1108.2	815.512
1134.2	815.902
1107	816.292
1072.8	816.682
1067.1	817.071
1080.5	817.461
1092.8	817.851
1074.1	818.241
1078.3	818.630
1098.5	819.020
1074.3	819.410
1077.9	819.800
1093.8	820.189
1095.4	820.579
1082.3	820.969
1067.2	821.359
1062.9	821.749
1078.4	822.138
1059.2	822.528
1099.8	822.918
1054	823.308
1072.6	823.697
1083	824.087
1074	824.477
1031.2	824.867
1027.3	825.257
1091.8	825.646
1084.5	826.036
1066.3	826.426
1117.8	826.816
1059.1	827.205
1073.2	827.595
1076.7	827.985
1091.9	828.375
1088.7	828.764
1076.8	829.154
1072.2	829.544
1060.5	829.934
1079.5	830.324
1111.3	830.713
1060.3	831.103
1070.7	831.493
1097.3	831.883
1076.2	832.272
1076.4	832.662
1078.2	833.052
1061.7	833.442
1069.4	833.831
1111.5	834.221
1091.4	834.611
1143.7	835.001
1064.2	835.391
1072.4	835.780
1087	836.170
1070.3	836.560
1046	836.950
1048.3	837.339
1067.9	837.729
1062.1	838.119
1040.7	838.509
1066.6	838.899
1099.3	839.288
1056.9	839.678
1058.1	840.068
1085.7	840.458
1099.7	840.847
1077.1	841.237
1043	841.627
1044.7	842.017
1087.7	842.406
1107.4	842.796
1112.7	843.186
1056.9	843.576
1092.2	843.966
1082.4	844.355
1067.3	844.745
1075.5	845.135
1067.3	845.525
1047.4	845.914
1062.5	846.304
1046.3	846.694
1025.1	847.084
1140.7	847.474
1075.3	847.863
1088.6	848.253
1077.3	848.643
1075.1	849.033
1070.9	849.422
1067	849.812
1064.3	850.202
1048.6	850.592
1074.3	850.981
1055.2	851.371
1093.6	851.761
1056.2	852.151
1040.4	852.541
1063.7	852.930
1074.9	853.320
1045.6	853.710
1043.8	854.100
1093.1	854.489
1090.7	854.879
1099	855.269
1065.1	855.659
1066.9	856.048
1081.9	856.438
1082.3	856.828
1079.9	857.218
1067.9	857.608
1056.7	857.997
1057	858.387
1062.7	858.777
1061.8	859.167
1061.9	859.556
1088.6	859.946
1080	860.336
1137.9	860.726
1073.9	861.116
1055.1	861.505
1042.9	861.895
1065	862.285
1093.2	862.675
1062.7	863.064
1044.5	863.454
1048.1	863.844
1043	864.234
1082.1	864.623
1064.6	865.013
1066.9	865.403
1075.9	865.793
1068.6	866.183
1066	866.572
1071.2	866.962
1075.7	867.352
1092.9	867.742
1057.5	868.131
1089.2	868.521
1040.3	868.911
1054.1	869.301
1092.1	869.691
1082	870.080
1072.4	870.470
1074.1	870.860
1068.5	871.250
1060.3	871.639
1065.3	872.029
1051.5	872.419
1093.7	872.809
1084	873.198
1047.8	873.588
1087	873.978
1082.7	874.368
1064.8	874.758
1047	875.147
1040.1	875.537
1051.9	875.927
1066	876.317
1073.2	876.706
1070.8	877.096
1039	877.486
1063.7	877.876
1082.6	878.265
1107.9	878.655
1112.3	879.045
1097.3	879.435
1081.3	879.825
1096.9	880.214
1129.8	880.604
1089.5	880.994
1137	881.384
1101.7	881.773
1053.2	882.163
1085.8	882.553
1119.9	882.943
1114.1	883.333
1114.8	883.722
1116	884.112
1108.6	884.502
1113.7	884.892
1131.7	885.281
1152.1	885.671
1170.1	886.061
1131.9	886.451
1136.6	886.840
1152.4	887.230
1156.7	887.620
1164.9	888.010
1147	888.400
1149.1	888.789
1179.4	889.179
1159.6	889.569
1155.4	889.959
1127.8	890.348
1118	890.738
1130.8	891.128
1106	891.518
1099.5	891.908
1100.9	892.297
1106.9	892.687
1105.3	893.077
1107.3	893.467
1112.5	893.856
1086.2	894.246
1102.3	894.636
1113.3	895.026
1057.7	895.415
1057.6	895.805
1103.6	896.195
1127	896.585
1107	896.975
1099.9	897.364
1084.9	897.754
1078.7	898.144
1124.4	898.534
1099.4	898.923
1103.3	899.313
1068.5	899.703
1154.1	900.093
1085	900.483
1104.2	900.872
1113.6	901.262
1117.9	901.652
1117.5	902.042
1103.3	902.431
1083.2	902.821
1079.3	903.211
1104.5	903.601
1134.5	903.990
1108.7	904.380
1119	904.770
1099.8	905.160
1154.5	905.550
1099.9	905.939
1110.7	906.329
1121.6	906.719
1115.6	907.109
1142.7	907.498
1118.7	907.888
1133.6	908.278
1127.8	908.668
1072.9	909.057
1117.9	909.447
1093.4	909.837
1101.4	910.227
1115.8	910.617
1096.8	911.006
1102.9	911.396
1128.4	911.786
1112.6	912.176
1088.2	912.565
1101.2	912.955
1087.3	913.345
1137.1	913.735
1115.9	914.125
1090.6	914.514
1103	914.904
1116.1	915.294
1099.8	915.684
1103.8	916.073
1102.1	916.463
1072.1	916.853
1091.7	917.243
1095.4	917.632
1101.6	918.022
1119.6	918.412
1129.1	918.802
1083.3	919.192
1146.2	919.581
1136.5	919.971
1111	920.361
1110.2	920.751
1122.3	921.140
1127.5	921.530
1136.7	921.920
1184.1	922.310
1090.9	922.700
1129.7	923.089
1155.1	923.479
1131.9	923.869
1144.4	924.259
1170.7	924.648
1165.7	925.038
1125.9	925.428
1128.9	925.818
1167	926.207
1159.9	926.597
1169.8	926.987
1156.7	927.377
1126	927.767
1175.7	928.156
1153.7	928.546
1215.4	928.936
1184.2	929.326
1155.5	929.715
1154.9	930.105
1167.1	930.495
1164.1	930.885
1154.3	931.274
1192.4	931.664
1228.8	932.054
1196.6	932.444
1185.8	932.834
1191.1	933.223
1201.6	933.613
1217.5	934.003
1214	934.393
1194.5	934.782
1188.6	935.172
1185.8	935.562
1192.4	935.952
1232.7	936.342
1231.6	936.731
1177	937.121
1209.8	937.511
1239.6	937.901
1228.8	938.290
1229	938.680
1224.8	939.070
1223.7	939.460
1212.4	939.849
1219.2	940.239
1243.7	940.629
1250.2	941.019
1250.7	941.409
1272.3	941.798
1238.8	942.188
1250.5	942.578
1271.6	942.968
1260.8	943.357
1269.8	943.747
1253	944.137
1257.4	944.527
1260.8	944.917
1277.8	945.306
1313.8	945.696
1346.6	946.086
1377.7	946.476
1326.4	946.865
1322.6	947.255
1376	947.645
1451.2	948.035
1407	948.424
1417.6	948.814
1438.6	949.204
1409.7	949.594
1456.7	949.984
1515	950.373
1509.9	950.763
1535	951.153
1580.5	951.543
1617.9	951.932
1711.5	952.322
1729.8	952.712
1760	953.102
1793.7	953.491
1882	953.881
1982.4	954.271
2062.3	954.661
2156.8	955.051
2255.3	955.440
2377.2	955.830
2534.3	956.220
2640.7	956.610
2862.2	956.999
3134.1	957.389
3489.5	957.779
3907	958.169
4465.2	958.559
4979.6	958.948
5663.6	959.338
6662.8	959.728
7906.3	960.118
9275.1	960.507
10680	960.897
12172	961.287
13843	961.677
15589	962.066
16942	962.456
18259	962.846
19056	963.236
19463	963.626
19711	964.015
19729	964.405
19176	964.795
18213	965.185
16803	965.574
15114	965.964
13418	966.354
11709	966.744
9971.6	967.134
8280.5	967.523
6872.4	967.913
5729.6	968.303
4774.7	968.693
4122.7	969.082
3545.4	969.472
3194.1	969.862
2980.8	970.252
2801	970.641
2614.1	971.031
2418.3	971.421
2247.7	971.811
2056.6	972.201
2022.3	972.590
1940.7	972.980
1876.4	973.370
1778.5	973.760
1753.8	974.149
1721.5	974.539
1650.3	974.929
1607.5	975.319
1558.5	975.709
1555.3	976.098
1503.9	976.488
1479.4	976.878
1422.3	977.268
1410.4	977.657
1426	978.047
1433.3	978.437
1394.7	978.827
1344.2	979.216
1341	979.606
1344	979.996
1288	980.386
1335.4	980.776
1282.4	981.165
1287.9	981.555
1220.5	981.945
1244.1	982.335
1228.9	982.724
1219.1	983.114
1212.3	983.504
1215.2	983.894
1208.9	984.283
1177.5	984.673
1163.5	985.063
1199.3	985.453
1177.2	985.843
1145.6	986.232
1153.5	986.622
1202.4	987.012
1163.9	987.402
1160.6	987.791
1155.9	988.181
1143.2	988.571
1121.4	988.961
1116.8	989.351
1143.6	989.740
1129.5	990.130
1158.1	990.520
1166.7	990.910
1134.3	991.299
1129.7	991.689
1086.9	992.079
1096.1	992.469
1134.5	992.858
1128.9	993.248
1115.6	993.638
1129.7	994.028
1132.6	994.418
1106.1	994.807
1088.1	995.197
1143.6	995.587
1100.6	995.977
1094.6	996.366
1124	996.756
1104	997.146
1090	997.536
1100.7	997.926
1088.8	998.315
1069.1	998.705
1073.8	999.095
1087.1	999.485
1100	999.874
1054.2	1000.264
1051.7	1000.654
1051.8	1001.044
1045.2	1001.433
1035.5	1001.823
1054.5	1002.213
1041.4	1002.603
1035.7	1002.993
1056	1003.382
1065.9	1003.772
1057.3	1004.162
1067	1004.552
1073.4	1004.941
1054.3	1005.331
1070.1	1005.721
1058.7	1006.111
1057.5	1006.500
1089.7	1006.890
1068.6	1007.280
1064.8	1007.670
1066.7	1008.060
1054.9	1008.449
1046.4	1008.839
1046.8	1009.229
1043.5	1009.619
1066.8	1010.008
1068.5	1010.398
1026.8	1010.788
1113.8	1011.178
1042.2	1011.568
1044.4	1011.957
1049.6	1012.347
1047.4	1012.737
1030.9	1013.127
1030.9	1013.516
1038.3	1013.906
1023.7	1014.296
1037.6	1014.686
1088.1	1015.075
1051.5	1015.465
1075.7	1015.855
1051.2	1016.245
1051.6	1016.635
1024.4	1017.024
1038.3	1017.414
1040	1017.804
1035.5	1018.194
1033.5	1018.583
1024.8	1018.973
1038.5	1019.363
1087.5	1019.753
1050.2	1020.143
1059.6	1020.532
1051.7	1020.922
1042	1021.312
1049.8	1021.702
1065.7	1022.091
1052.4	1022.481
1028.6	1022.871
1034.6	1023.261
1046.7	1023.650
1034.3	1024.040
1021.9	1024.430
1043.6	1024.820
1066.7	1025.210
1027.7	1025.599
1071.1	1025.989
1021.2	1026.379
1055.4	1026.769
1057	1027.158
1066.2	1027.548
1031.9	1027.938
1042.2	1028.328
1039.8	1028.717
1029.1	1029.107
1047.1	1029.497
1047.6	1029.887
1057.7	1030.277
1055.3	1030.666
1046.9	1031.056
1103.6	1031.446
1055.2	1031.836
1055	1032.225
1042.8	1032.615
1057.1	1033.005
1056	1033.395
1052.8	1033.785
1067.7	1034.174
1051.6	1034.564
1018.2	1034.954
1062.8	1035.344
1065.5	1035.733
1077.7	1036.123
1079.5	1036.513
1106.8	1036.903
1058.3	1037.292
1095.5	1037.682
1078.7	1038.072
1087.5	1038.462
1072.8	1038.852
1058.3	1039.241
1061	1039.631
1055.8	1040.021
1060	1040.411
1107.8	1040.800
1130.4	1041.190
1073.3	1041.580
1104.7	1041.970
1065.7	1042.360
1091.7	1042.749
1077	1043.139
1071.1	1043.529
1062.3	1043.919
1079.9	1044.308
1088.2	1044.698
1092.3	1045.088
1103.1	1045.478
1088.5	1045.867
1093.3	1046.257
1105	1046.647
1099.4	1047.037
1074.1	1047.427
1052.2	1047.816
1090.7	1048.206
1060.5	1048.596
1105.8	1048.986
1107.8	1049.375
1088.5	1049.765
1075.7	1050.155
1082.8	1050.545
1099.2	1050.934
1097.3	1051.324
1113.7	1051.714
1125.8	1052.104
1130.8	1052.494
1131.8	1052.883
1130.1	1053.273
1114.7	1053.663
1071.7	1054.053
1116.7	1054.442
1109.5	1054.832
1094.2	1055.222
1094.2	1055.612
1099.8	1056.002
1099.7	1056.391
1093.5	1056.781
1115.6	1057.171
1113.5	1057.561
1107.8	1057.950
1091	1058.340
1093.8	1058.730
1088.2	1059.120
1108.1	1059.509
1108.6	1059.899
1126.5	1060.289
1113.5	1060.679
1110.2	1061.069
1107.3	1061.458
1091.9	1061.848
1104.6	1062.238
1121.5	1062.628
1111.7	1063.017
1148.8	1063.407
1125.6	1063.797
1120.1	1064.187
1085.7	1064.577
1181.3	1064.966
1141.3	1065.356
1130.3	1065.746
1134.9	1066.136
1103.7	1066.525
1093.5	1066.915
1115.8	1067.305
1130.4	1067.695
1131.4	1068.084
1109	1068.474
1160.5	1068.864
1119.4	1069.254
1082	1069.644
1146.3	1070.033
1174.2	1070.423
1159.6	1070.813
1143.3	1071.203
1150	1071.592
1119	1071.982
1121.4	1072.372
1164.3	1072.762
1161.5	1073.151
1106.7	1073.541
1090.2	1073.931
1125.5	1074.321
1117.4	1074.711
1134.4	1075.100
1139.1	1075.490
1091	1075.880
1118.5	1076.270
1092.2	1076.659
1064.5	1077.049
1138.5	1077.439
1180.4	1077.829
1156.6	1078.219
1112.9	1078.608
1106.4	1078.998
1147.5	1079.388
1170	1079.778
1165	1080.167
1147.8	1080.557
1126.8	1080.947
1183.2	1081.337
1170.7	1081.726
1147.1	1082.116
1137.3	1082.506
1141.4	1082.896
1143.4	1083.286
1166	1083.675
1130.6	1084.065
1110.4	1084.455
1127.8	1084.845
1138.8	1085.234
1191.2	1085.624
1174.2	1086.014
1151.1	1086.404
1155.1	1086.794
1151.6	1087.183
1168.1	1087.573
1170.3	1087.963
1184.6	1088.353
1188.2	1088.742
1193	1089.132
1182.8	1089.522
1147	1089.912
1126.9	1090.301
1140.4	1090.691
1156.5	1091.081
1164.3	1091.471
1177.2	1091.861
1170.5	1092.250
1144.5	1092.640
1171.5	1093.030
1169.7	1093.420
1182.9	1093.809
1171.8	1094.199
1156.5	1094.589
1142.9	1094.979
1115.7	1095.369
1118.7	1095.758
1154.2	1096.148
1179.9	1096.538
1167.5	1096.928
1156.9	1097.317
1178.2	1097.707
1157.4	1098.097
1187.2	1098.487
1198.3	1098.876
1204.6	1099.266
1150.4	1099.656
1193.3	1100.046
1202.1	1100.436
1166.5	1100.825
1155	1101.215
1127.9	1101.605
1124.2	1101.995
1136.5	1102.384
1164.9	1102.774
1185.2	1103.164
1164	1103.554
1155.2	1103.943
1163.5	1104.333
1169	1104.723
1146.2	1105.113
1173.1	1105.503
1144.7	1105.892
1206.7	1106.282
1172.3	1106.672
1168.6	1107.062
1189.9	1107.451
1170.6	1107.841
1157.5	1108.231
1178.1	1108.621
1179.9	1109.011
1160.2	1109.400
1164.7	1109.790
1165.7	1110.180
1146	1110.570
1158.8	1110.959
1188.1	1111.349
1167.8	1111.739
1095.2	1112.129
1150.4	1112.518
1183.2	1112.908
1211.8	1113.298
1189.1	1113.688
1181.1	1114.078
1167.2	1114.467
1163.7	1114.857
1149.5	1115.247
1144.5	1115.637
1175.8	1116.026
1174.4	1116.416
1146.5	1116.806
1167.7	1117.196
1168.2	1117.586
1189.2	1117.975
1164.5	1118.365
1153.7	1118.755
1175.2	1119.145
1170.8	1119.534
1218.5	1119.924
1195.1	1120.314
1171.8	1120.704
1160.8	1121.093
1168.2	1121.483
1184	1121.873
1176.1	1122.263
1160.5	1122.653
1172.1	1123.042
1181	1123.432
1193	1123.822
1180.3	1124.212
1162.7	1124.601
1140.4	1124.991
1144.9	1125.381
1148.6	1125.771
1179.9	1126.160
1138.4	1126.550
1132.7	1126.940
1156.7	1127.330
1177.9	1127.720
1159.9	1128.109
1142.1	1128.499
1164.6	1128.889
1188.9	1129.279
1185.3	1129.668
1170.3	1130.058
1180.3	1130.448
1128.7	1130.838
1144.9	1131.228
1182.2	1131.617
1195.7	1132.007
1131.2	1132.397
1172.2	1132.787
1119	1133.176
1124.3	1133.566
1143.1	1133.956
1172.6	1134.346
1168.3	1134.735
1155.9	1135.125
1180.9	1135.515
1180.2	1135.905
1134.6	1136.295
1135.3	1136.684
1118	1137.074
1129.9	1137.464
1114.7	1137.854
1116.6	1138.243
1125.9	1138.633
1165.9	1139.023
1119.6	1139.413
1148.8	1139.803
1143.9	1140.192
1128.6	1140.582
1106.9	1140.972
1118.5	1141.362
1110.9	1141.751
1086.5	1142.141
1093.9	1142.531
1098.6	1142.921
1093.4	1143.310
1106.7	1143.700
1099.2	1144.090
1094.2	1144.480
1147.6	1144.870
1125.5	1145.259
1154.7	1145.649
1116.7	1146.039
1124.5	1146.429
1090.5	1146.818
1090.2	1147.208
1081.3	1147.598
1109	1147.988
1102.3	1148.377
1080.8	1148.767
1107.4	1149.157
1133.9	1149.547
1129.9	1149.937
1135	1150.326
1115.4	1150.716
1105.8	1151.106
1065.5	1151.496
1067.6	1151.885
1078.7	1152.275
1126.4	1152.665
1079.8	1153.055
1059	1153.445
1088.7	1153.834
1076.8	1154.224
1056.1	1154.614
1081.8	1155.004
1102.1	1155.393
1103.5	1155.783
1091.2	1156.173
1092.9	1156.563
1118.3	1156.952
1111.2	1157.342
1102.8	1157.732
1114.9	1158.122
1085.1	1158.512
1070.5	1158.901
1135.9	1159.291
1072.6	1159.681
1110.9	1160.071
1097.4	1160.460
1091.5	1160.850
1117.2	1161.240
1060.4	1161.630
1063.9	1162.020
1098.8	1162.409
1104.6	1162.799
1083.8	1163.189
1080.5	1163.579
1092.4	1163.968
1089.7	1164.358
1080.3	1164.748
1042	1165.138
1060.4	1165.527
1074.4	1165.917
1104.3	1166.307
1090.9	1166.697
1080.6	1167.087
1043.2	1167.476
1066.9	1167.866
1044.4	1168.256
1030.3	1168.646
1083.1	1169.035
1114.1	1169.425
1104.5	1169.815
1089	1170.205
1075.9	1170.594
1054.4	1170.984
1054.9	1171.374
1079.5	1171.764
1087.4	1172.154
1098.9	1172.543
1043.8	1172.933
1066.5	1173.323
1098.5	1173.713
1080.1	1174.102
1031.6	1174.492
1056.4	1174.882
1071.2	1175.272
1062.1	1175.662
1068.8	1176.051
1100.7	1176.441
1040.9	1176.831
1043.8	1177.221
1077.7	1177.610
1095.4	1178.000
1089.7	1178.390
1079.5	1178.780
1067.4	1179.169
1056.5	1179.559
1072.6	1179.949
1046.2	1180.339
1088.3	1180.729
1090.7	1181.118
1088.4	1181.508
1065.4	1181.898
1077.7	1182.288
1133.2	1182.677
1093.7	1183.067
1061	1183.457
1066	1183.847
1065.7	1184.237
1072.8	1184.626
1083.1	1185.016
1047.4	1185.406
1042	1185.796
1072.9	1186.185
1085.3	1186.575
1092.7	1186.965
1084.2	1187.355
1054.5	1187.744
1084.4	1188.134
1070	1188.524
1076.4	1188.914
1071.8	1189.304
1065.7	1189.693
1062	1190.083
1062.1	1190.473
1065.7	1190.863
1076.9	1191.252
1080.1	1191.642
1048.7	1192.032
1035.5	1192.422
1077	1192.812
1100.2	1193.201
1078.2	1193.591
1056.9	1193.981
1074.5	1194.371
1081.2	1194.760
1048.6	1195.150
1035	1195.540
1048.4	1195.930
1067.1	1196.319
1054.7	1196.709
1041.2	1197.099
1039.2	1197.489
1035.7	1197.879
1065.5	1198.268
1064.6	1198.658
1067.3	1199.048
1060	1199.438
1040.1	1199.827
1048.2	1200.217
1053	1200.607
1086.2	1200.997
1069.9	1201.386
1026.1	1201.776
1025.9	1202.166
1065.7	1202.556
1102.5	1202.946
1114	1203.335
1094.3	1203.725
1065	1204.115
1061.4	1204.505
1049.7	1204.894
1034.9	1205.284
1057.4	1205.674
1083.4	1206.064
1087.8	1206.454
1064.2	1206.843
1045	1207.233
1099.1	1207.623
1068.2	1208.013
1069.6	1208.402
1068.3	1208.792
1072.3	1209.182
1063.9	1209.572
1042.9	1209.961
1068.3	1210.351
1088	1210.741
1075.7	1211.131
1059.5	1211.521
1053.4	1211.910
1054.5	1212.300
1058.2	1212.690
1098.9	1213.080
1111.4	1213.469
1087.3	1213.859
1054.9	1214.249
1046.2	1214.639
1042.5	1215.029
1118.4	1215.418
1045.8	1215.808
1045.7	1216.198
1050.2	1216.588
1022	1216.977
1058	1217.367
1052.7	1217.757
1010.4	1218.147
1032.1	1218.536
1048.6	1218.926
1044.3	1219.316
1037.7	1219.706
1032.3	1220.096
1033.4	1220.485
1038.7	1220.875
1034.3	1221.265
1016.6	1221.655
1018.2	1222.044
1026.9	1222.434
1030.4	1222.824
1049.4	1223.214
1053.9	1223.603
1081	1223.993
1089.5	1224.383
1078.3	1224.773
1047.8	1225.163
1056.7	1225.552
1030.7	1225.942
1063.3	1226.332
1085	1226.722
1070.6	1227.111
1092.1	1227.501
1089.7	1227.891
1092.5	1228.281
1086.9	1228.671
1029.2	1229.060
1016.3	1229.450
1060.9	1229.840
1040.3	1230.230
1002.1	1230.619
1031.7	1231.009
1061	1231.399
1056.7	1231.789
1068.2	1232.178
1079.8	1232.568
1074.4	1232.958
1082.5	1233.348
1025.1	1233.738
1056.9	1234.127
1055.2	1234.517
1084	1234.907
1075.6	1235.297
1060.3	1235.686
1061.6	1236.076
1074.7	1236.466
1044.4	1236.856
1063.6	1237.246
1071.3	1237.635
1048.6	1238.025
1028.2	1238.415
1026.9	1238.805
1035.7	1239.194
1046	1239.584
1055.2	1239.974
1051.3	1240.364
1068.9	1240.753
1045.5	1241.143
1041.4	1241.533
1058.2	1241.923
1057.1	1242.313
993.55	1242.702
1090.6	1243.092
1032.6	1243.482
1014.1	1243.872
1063.5	1244.261
1012	1244.651
1014.8	1245.041
1053.8	1245.431
1035.7	1245.820
1043.4	1246.210
1021.9	1246.600
1020.4	1246.990
1027.8	1247.380
1019.9	1247.769
1010.3	1248.159
1024.8	1248.549
1039.4	1248.939
1034.3	1249.328
1043.9	1249.718
1059.2	1250.108
1052.7	1250.498
1046.3	1250.888
1023.6	1251.277
980.57	1251.667
1029.8	1252.057
1054.7	1252.447
1065.3	1252.836
1008.6	1253.226
1034.5	1253.616
1014.1	1254.006
1039.3	1254.395
981.52	1254.785
1001.1	1255.175
1018.4	1255.565
1006.5	1255.955
1031.2	1256.344
1043.8	1256.734
1022	1257.124
973.84	1257.514
1000.6	1257.903
1007.6	1258.293
992.1	1258.683
994.08	1259.073
996.68	1259.463
1012.1	1259.852
1029.7	1260.242
1059.4	1260.632
1059.4	1261.022
1045.3	1261.411
1029.2	1261.801
1026.6	1262.191
1014.8	1262.581
1025.2	1262.970
1000.4	1263.360
997.29	1263.750
1038.3	1264.140
1017.7	1264.530
1029	1264.919
1042	1265.309
999.3	1265.699
1061.7	1266.089
1029.9	1266.478
1011.1	1266.868
970.31	1267.258
1025.8	1267.648
1035.1	1268.038
1030.5	1268.427
1002.7	1268.817
1003.2	1269.207
1024.8	1269.597
1041.3	1269.986
1049	1270.376
1008.2	1270.766
1000	1271.156
1044.3	1271.545
1027.7	1271.935
1040.4	1272.325
1047.6	1272.715
1001.7	1273.105
1006.6	1273.494
995.35	1273.884
985.58	1274.274
1005.2	1274.664
996.85	1275.053
1062.4	1275.443
997.66	1275.833
1017.5	1276.223
1024.5	1276.612
1040.1	1277.002
1057	1277.392
1002.4	1277.782
1004.2	1278.172
1068.3	1278.561
1046.4	1278.951
1045.7	1279.341
1028.8	1279.731
1026.4	1280.120
1043.8	1280.510
1025.4	1280.900
1009.7	1281.290
1027.2	1281.680
1028.2	1282.069
1000.1	1282.459
1009.5	1282.849
1050.8	1283.239
1023.4	1283.628
1034.1	1284.018
1028.1	1284.408
1029.3	1284.798
1024.7	1285.187
1026.9	1285.577
997.77	1285.967
1034.6	1286.357
1033.5	1286.747
997.04	1287.136
1038.6	1287.526
1025.2	1287.916
1002.4	1288.306
1005.3	1288.695
1058.2	1289.085
1067.4	1289.475
1047	1289.865
1037.6	1290.255
1036.4	1290.644
1011.5	1291.034
1016.6	1291.424
1033.7	1291.814
1041.4	1292.203
1023.8	1292.593
1031.3	1292.983
1053.8	1293.373
1051.3	1293.762
1038.3	1294.152
1020.6	1294.542
1014.3	1294.932
1003.3	1295.322
1004.8	1295.711
1067.8	1296.101
1033.4	1296.491
997.86	1296.881
1033.5	1297.270
1022.6	1297.660
1049.7	1298.050
1048.3	1298.440
1000.2	1298.829
1002.4	1299.219
1024.5	1299.609
1026.4	1299.999
1043.2	1300.389
1061.1	1300.778
1072.1	1301.168
1039	1301.558
1058.6	1301.948
1046.7	1302.337
1030.5	1302.727
1004	1303.117
1026.4	1303.507
1043.5	1303.897
1048.2	1304.286
1034	1304.676
1010.7	1305.066
1009.4	1305.456
1024.1	1305.845
1030	1306.235
1033.2	1306.625
1043.2	1307.015
1029.1	1307.404
1009.6	1307.794
1025.1	1308.184
1022.3	1308.574
1014.3	1308.964
1016.9	1309.353
1024.7	1309.743
1057	1310.133
1037.1	1310.523
1053.4	1310.912
1042.5	1311.302
1016.1	1311.692
1003.5	1312.082
1058.2	1312.472
1015.2	1312.861
1021.1	1313.251
1052.7	1313.641
1011.6	1314.031
1042	1314.420
1015.9	1314.810
1019.5	1315.200
1024.6	1315.590
1027.9	1315.979
1009.4	1316.369
1047	1316.759
1019.5	1317.149
1036.5	1317.539
1051.5	1317.928
1023.2	1318.318
1029.2	1318.708
995.29	1319.098
1016.8	1319.487
1049.9	1319.877
1020.4	1320.267
1011.8	1320.657
1023.2	1321.046
1023.6	1321.436
1024	1321.826
1028.7	1322.216
1037.3	1322.606
1035.2	1322.995
1062.1	1323.385
1054.9	1323.775
1029.9	1324.165
1030.3	1324.554
1017.8	1324.944
1043.4	1325.334
1014.2	1325.724
996.96	1326.114
1022.8	1326.503
1061.2	1326.893
985.06	1327.283
1072.7	1327.673
1003.3	1328.062
998.57	1328.452
1006.1	1328.842
1003.7	1329.232
1021.3	1329.621
1029.2	1330.011
1032.6	1330.401
983.48	1330.791
1024.8	1331.181
1072.2	1331.570
1066.5	1331.960
1061.6	1332.350
1015.4	1332.740
1029.1	1333.129
1031.4	1333.519
1027.9	1333.909
976.82	1334.299
970.41	1334.689
1008.5	1335.078
1011.1	1335.468
991.28	1335.858
992.31	1336.248
1014.7	1336.637
1007.3	1337.027
1000.9	1337.417
1017.6	1337.807
1010.8	1338.196
1040.7	1338.586
1054.6	1338.976
1020.5	1339.366
968.71	1339.756
989.12	1340.145
1013.4	1340.535
974.73	1340.925
1044.1	1341.315
992.3	1341.704
1014.1	1342.094
1007.3	1342.484
982.32	1342.874
1010.8	1343.263
1009.7	1343.653
1003.4	1344.043
965.15	1344.433
1007.2	1344.823
973.96	1345.212
992.74	1345.602
1021.1	1345.992
1024.1	1346.382
1057.2	1346.771
1021.8	1347.161
1032	1347.551
1038.4	1347.941
1019.7	1348.331
985.23	1348.720
1019.5	1349.110
1012.8	1349.500
1012.9	1349.890
1015.4	1350.279
1029.5	1350.669
1036.8	1351.059
1068.6	1351.449
1042.4	1351.838
1013.6	1352.228
1034.3	1352.618
1028.8	1353.008
1051.3	1353.398
1067.8	1353.787
1025.7	1354.177
1032.1	1354.567
1033.7	1354.957
998.64	1355.346
1012.5	1355.736
1021.3	1356.126
1036.5	1356.516
1036.3	1356.906
1011.5	1357.295
1012.4	1357.685
1023.3	1358.075
1029.3	1358.465
989.34	1358.854
1026.6	1359.244
1008.8	1359.634
1024.5	1360.024
1027.2	1360.413
1045.5	1360.803
1040.8	1361.193
1047.7	1361.583
1022	1361.973
1042.9	1362.362
994.54	1362.752
1016	1363.142
1051.8	1363.532
1022.6	1363.921
1016.8	1364.311
995.1	1364.701
1016.3	1365.091
1051.2	1365.481
1073.7	1365.870
1040.4	1366.260
1034	1366.650
1043	1367.040
1010.6	1367.429
995.6	1367.819
1031	1368.209
1046.3	1368.599
1008	1368.988
1054.2	1369.378
1046.7	1369.768
1033.3	1370.158
1019.8	1370.548
993.07	1370.937
997.13	1371.327
1000.9	1371.717
1025.4	1372.107
1029.3	1372.496
1041.6	1372.886
1036.8	1373.276
1051.1	1373.666
1039.9	1374.055
1043.5	1374.445
1047.4	1374.835
1036.3	1375.225
1071.4	1375.615
1071	1376.004
1087.8	1376.394
1092.7	1376.784
1030.1	1377.174
1029	1377.563
1044.2	1377.953
1040.5	1378.343
1032.3	1378.733
1014.7	1379.123
1052	1379.512
1062.8	1379.902
1012.4	1380.292
1016	1380.682
1021.4	1381.071
1002.6	1381.461
1046.1	1381.851
1078.2	1382.241
1072.9	1382.630
1044.1	1383.020
1063.7	1383.410
1057.5	1383.800
1047.8	1384.190
1038.6	1384.579
1044.2	1384.969
1036.5	1385.359
1094.7	1385.749
1075.9	1386.138
1036.5	1386.528
1049.3	1386.918
1105.1	1387.308
1079.6	1387.698
1039.3	1388.087
1050.9	1388.477
1058.1	1388.867
1045.1	1389.257
1071.5	1389.646
1047.4	1390.036
1069.9	1390.426
1025.4	1390.816
1020.9	1391.205
1087.2	1391.595
1067.5	1391.985
1031.7	1392.375
1018.5	1392.765
1062.1	1393.154
1092.5	1393.544
1088.4	1393.934
1074.4	1394.324
1059.8	1394.713
1054.4	1395.103
1070.3	1395.493
1036.6	1395.883
1054.4	1396.272
1057.4	1396.662
1062.5	1397.052
1070	1397.442
1058.6	1397.832
1052.6	1398.221
1064	1398.611
1069.6	1399.001
1091.8	1399.391
1099.7	1399.780
1099.8	1400.170
1111.9	1400.560
1091.3	1400.950
1058.4	1401.340
1048.7	1401.729
1054.3	1402.119
1069.4	1402.509
1082.6	1402.899
1100	1403.288
1104.4	1403.678
1088.1	1404.068
1088.6	1404.458
1074.9	1404.847
1052.8	1405.237
1059.1	1405.627
1059.4	1406.017
1050	1406.407
1058.6	1406.796
1050.6	1407.186
1067.4	1407.576
1071.8	1407.966
1074.1	1408.355
1043.6	1408.745
1055.5	1409.135
1096.5	1409.525
1044.2	1409.915
1045.6	1410.304
1043.3	1410.694
1037.4	1411.084
1039	1411.474
1055.4	1411.863
1065.2	1412.253
1082.6	1412.643
1077	1413.033
1074.9	1413.422
1063.1	1413.812
1061.7	1414.202
1057.7	1414.592
1058.2	1414.982
1049.9	1415.371
1067.5	1415.761
1058.1	1416.151
1070.9	1416.541
1047	1416.930
1030.1	1417.320
997.9	1417.710
1084	1418.100
1060.2	1418.489
1026.3	1418.879
1065.3	1419.269
1068.4	1419.659
1076.4	1420.049
1044	1420.438
1071.1	1420.828
1051.4	1421.218
1042.3	1421.608
1016.4	1421.997
1114.9	1422.387
1081.4	1422.777
1034.6	1423.167
1063.4	1423.557
1092.5	1423.946
1075.3	1424.336
1049.3	1424.726
1078.4	1425.116
1066.6	1425.505
1068.1	1425.895
1011.1	1426.285
1072.9	1426.675
1072	1427.064
1054	1427.454
1058.5	1427.844
1089.6	1428.234
1090.2	1428.624
1081.8	1429.013
1056.2	1429.403
1045.7	1429.793
1044.6	1430.183
1036.8	1430.572
1048.7	1430.962
1049.7	1431.352
1057.9	1431.742
1043.5	1432.132
1062.6	1432.521
1065.7	1432.911
1044.3	1433.301
1027.8	1433.691
1053.9	1434.080
1053.8	1434.470
1039.5	1434.860
1064.9	1435.250
1049	1435.639
1031.9	1436.029
1029.8	1436.419
1031.9	1436.809
1036.3	1437.199
1024.7	1437.588
1042.5	1437.978
1038.1	1438.368
1062.2	1438.758
1048.6	1439.147
1043.5	1439.537
1075	1439.927
1076.1	1440.317
1038.6	1440.706
1031.8	1441.096
1023.5	1441.486
1072.6	1441.876
1067.3	1442.266
1025.8	1442.655
1014.2	1443.045
1013.4	1443.435
1027.6	1443.825
1020.5	1444.214
1026.2	1444.604
1034.3	1444.994
1017	1445.384
1017.8	1445.774
1012.2	1446.163
993.11	1446.553
1021.9	1446.943
1036.7	1447.333
1006.1	1447.722
993.88	1448.112
1025.8	1448.502
1041	1448.892
1025.9	1449.281
1006.8	1449.671
1012.5	1450.061
1031	1450.451
1025.9	1450.841
1006.9	1451.230
1011.3	1451.620
1012.2	1452.010
999.86	1452.400
1011.8	1452.789
1029.8	1453.179
1042.4	1453.569
1038.3	1453.959
996.41	1454.349
1010.2	1454.738
1049.4	1455.128
1007.3	1455.518
1011.6	1455.908
1038.1	1456.297
1050.9	1456.687
1042.3	1457.077
999.4	1457.467
1008	1457.856
1035.5	1458.246
1037.9	1458.636
1023.6	1459.026
1021.8	1459.416
1027.6	1459.805
1046.1	1460.195
1031.2	1460.585
1028.8	1460.975
1057.5	1461.364
1055.8	1461.754
1072.6	1462.144
1075.4	1462.534
1036.4	1462.924
1062.2	1463.313
1059.6	1463.703
1038.6	1464.093
1063.3	1464.483
1071.9	1464.872
1060.5	1465.262
1070	1465.652
1109.8	1466.042
1136.7	1466.431
1127.6	1466.821
1105.2	1467.211
1114.7	1467.601
1102.9	1467.991
1093.4	1468.380
1105.4	1468.770
1104.3	1469.160
1120.8	1469.550
1153.7	1469.939
1166.6	1470.329
1176.2	1470.719
1160.1	1471.109
1178.7	1471.498
1181.8	1471.888
1191.4	1472.278
1212.8	1472.668
1194.6	1473.058
1195	1473.447
1214.8	1473.837
1232.5	1474.227
1224.5	1474.617
1253.9	1475.006
1244	1475.396
1220.5	1475.786
1213.1	1476.176
1195.9	1476.566
1230.3	1476.955
1247.6	1477.345
1215.1	1477.735
1224.4	1478.125
1232.6	1478.514
1235	1478.904
1256.6	1479.294
1214.8	1479.684
1228.5	1480.073
1234.6	1480.463
1169.7	1480.853
1171.1	1481.243
1226.6	1481.633
1245.9	1482.022
1222.8	1482.412
1192.2	1482.802
1176.8	1483.192
1189.7	1483.581
1223.2	1483.971
1218.9	1484.361
1203.2	1484.751
1225.6	1485.141
1241.3	1485.530
1247.3	1485.920
1227.7	1486.310
1222.4	1486.700
1218.4	1487.089
1207.4	1487.479
1247.7	1487.869
1255.6	1488.259
1263.6	1488.648
1263.5	1489.038
1272.3	1489.428
1276.4	1489.818
1271.7	1490.208
1268.5	1490.597
1269.6	1490.987
1276.7	1491.377
1277.9	1491.767
1264.1	1492.156
1235.3	1492.546
1253.5	1492.936
1298.1	1493.326
1316.9	1493.715
1319.9	1494.105
1292.3	1494.495
1266.1	1494.885
1301.1	1495.275
1316.3	1495.664
1308.4	1496.054
1324.2	1496.444
1362.7	1496.834
1367.3	1497.223
1360.8	1497.613
1359.8	1498.003
1415.7	1498.393
1424	1498.783
1445.3	1499.172
1437.3	1499.562
1431.3	1499.952
1474.8	1500.342
