478.5	50.000
481.87	50.390
483.86	50.780
488.49	51.169
496.85	51.559
500.22	51.949
541.08	52.339
595.47	52.728
621.46	53.118
648.88	53.508
676.73	53.898
695.43	54.287
711.85	54.677
734.23	55.067
686.12	55.457
703.95	55.847
726.31	56.236
750.33	56.626
773.09	57.016
789.44	57.406
785.01	57.795
794.61	58.185
793.95	58.575
773.28	58.965
770.34	59.355
730.89	59.744
711	60.134
689.84	60.524
663.04	60.914
640.8	61.303
677.22	61.693
659.04	62.083
660.23	62.473
683.79	62.862
679.7	63.252
684.13	63.642
706.11	64.032
710.05	64.422
711.63	64.811
758.95	65.201
729.24	65.591
741.26	65.981
732.68	66.370
728.28	66.760
768.86	67.150
742.62	67.540
778.55	67.930
779.71	68.319
771.01	68.709
776.5	69.099
781.26	69.489
797.27	69.878
824.27	70.268
839.7	70.658
829.84	71.048
789.57	71.437
790.97	71.827
819.26	72.217
835.83	72.607
831.45	72.997
829.38	73.386
824.44	73.776
809.77	74.166
810.92	74.556
825.55	74.945
833.67	75.335
830.72	75.725
809.28	76.115
808.34	76.504
823.43	76.894
841.19	77.284
811.96	77.674
805.4	78.064
794.39	78.453
795.15	78.843
821.29	79.233
822.92	79.623
854.39	80.012
839.69	80.402
821.44	80.792
820.96	81.182
815.08	81.572
815.13	81.961
821.09	82.351
812.26	82.741
795.1	83.131
820.99	83.520
823.23	83.910
814.39	84.300
804.62	84.690
799.12	85.079
805.05	85.469
817.49	85.859
800.63	86.249
810.73	86.639
820.27	87.028
795.29	87.418
833.69	87.808
798.49	88.198
799.43	88.587
796.06	88.977
771.04	89.367
816.94	89.757
790.57	90.147
797.64	90.536
799.81	90.926
795.26	91.316
832.57	91.706
820.28	92.095
809.78	92.485
801.72	92.875
802.93	93.265
827.15	93.654
798.46	94.044
794.35	94.434
788.11	94.824
785.08	95.214
792.23	95.603
812.88	95.993
805.26	96.383
801.45	96.773
809.69	97.162
828.53	97.552
812.31	97.942
826.91	98.332
821.89	98.721
808.21	99.111
792.98	99.501
788.23	99.891
795.76	100.281
812.07	100.670
809.23	101.060
802.03	101.450
818.48	101.840
784.03	102.229
773.27	102.619
803.99	103.009
836.57	103.399
838.43	103.789
803.38	104.178
826.92	104.568
824.15	104.958
809.81	105.348
798.39	105.737
828.78	106.127
793.08	106.517
789.11	106.907
791.63	107.296
793.89	107.686
790.06	108.076
844.58	108.466
811.31	108.856
790.46	109.245
787.55	109.635
801.37	110.025
795.23	110.415
803.23	110.804
825.97	111.194
821.61	111.584
786.28	111.974
784.91	112.364
784.96	112.753
786.08	113.143
790.88	113.533
795.17	113.923
790.02	114.312
812.95	114.702
803.47	115.092
792.46	115.482
790.12	115.871
802.7	116.261
807.39	116.651
770.11	117.041
800.82	117.431
812.63	117.820
787.33	118.210
798.69	118.600
798.75	118.990
806.99	119.379
802.4	119.769
799.37	120.159
828.22	120.549
789.04	120.939
781.09	121.328
800.58	121.718
808.92	122.108
781.31	122.498
770.75	122.887
779	123.277
778.12	123.667
783.44	124.057
789.64	124.446
762.84	124.836
775.71	125.226
775.07	125.616
784.33	126.006
791.07	126.395
776.97	126.785
781.04	127.175
786.21	127.565
802.2	127.954
809.46	128.344
801.28	128.734
805.72	129.124
812.91	129.513
814.5	129.903
814.83	130.293
818.03	130.683
831.23	131.073
821.83	131.462
797.44	131.852
792.76	132.242
791.49	132.632
779.21	133.021
777.73	133.411
806.97	133.801
804.98	134.191
795.56	134.581
788.15	134.970
786.12	135.360
784.67	135.750
810.88	136.140
813.64	136.529
807.3	136.919
815.9	137.309
788.05	137.699
799.8	138.088
816.81	138.478
812.41	138.868
789.44	139.258
828.28	139.648
810.08	140.037
795.41	140.427
807.73	140.817
823.6	141.207
797.51	141.596
780.53	141.986
805.57	142.376
818.5	142.766
812.34	143.156
791.51	143.545
810.06	143.935
807.98	144.325
789.79	144.715
779.3	145.104
781.29	145.494
793.15	145.884
812.27	146.274
806.75	146.663
802.59	147.053
800.21	147.443
798.24	147.833
787.73	148.223
792.65	148.612
808.96	149.002
816.78	149.392
818.6	149.782
835.37	150.171
817.42	150.561
813.07	150.951
812.66	151.341
813.27	151.730
812.89	152.120
815.24	152.510
784.29	152.900
794.25	153.290
790.63	153.679
773.45	154.069
787.68	154.459
799.41	154.849
806.02	155.238
811.18	155.628
812.19	156.018
810.67	156.408
857.53	156.798
834.2	157.187
798.95	157.577
777.99	157.967
773.36	158.357
765.29	158.746
816.82	159.136
812.84	159.526
803.38	159.916
809.8	160.305
839.93	160.695
804.07	161.085
813.81	161.475
810.52	161.865
805.51	162.254
799.04	162.644
783.01	163.034
800.39	163.424
815.69	163.813
814.89	164.203
817.26	164.593
834.66	164.983
822.64	165.373
803.01	165.762
806.58	166.152
799.21	166.542
789.47	166.932
813.87	167.321
823.54	167.711
795.9	168.101
798.42	168.491
801.05	168.880
791.17	169.270
844.51	169.660
821.54	170.050
800.03	170.440
797.02	170.829
805.89	171.219
807.86	171.609
810.38	171.999
809.15	172.388
814.83	172.778
813.64	173.168
802.06	173.558
799.96	173.947
814.87	174.337
791.69	174.727
790.01	175.117
803.02	175.507
809.84	175.896
828.99	176.286
792.36	176.676
801.5	177.066
799.96	177.455
785.24	177.845
826.77	178.235
795.96	178.625
796.41	179.015
805.65	179.404
808.19	179.794
792.14	180.184
764.66	180.574
787.09	180.963
793.12	181.353
813.88	181.743
831.26	182.133
791.18	182.522
787.21	182.912
790.32	183.302
816.11	183.692
833.31	184.082
825.45	184.471
815.31	184.861
820.53	185.251
804.38	185.641
792.36	186.030
794.91	186.420
817.91	186.810
839.46	187.200
830.8	187.590
829.86	187.979
824.27	188.369
808.94	188.759
782.97	189.149
801.02	189.538
797.75	189.928
794.14	190.318
797.72	190.708
812.7	191.097
836.74	191.487
851.89	191.877
833.01	192.267
822.81	192.657
811.04	193.046
768.43	193.436
813.19	193.826
821.77	194.216
823.51	194.605
829.57	194.995
841.56	195.385
847.19	195.775
822.52	196.165
819.16	196.554
824.4	196.944
833.51	197.334
841.28	197.724
836.8	198.113
804	198.503
803.31	198.893
812.16	199.283
824.97	199.672
840.06	200.062
814.87	200.452
818.2	200.842
830.15	201.232
831.06	201.621
819.44	202.011
820.88	202.401
834.94	202.791
833.42	203.180
832.15	203.570
830.8	203.960
829.38	204.350
837.68	204.739
822.52	205.129
829.25	205.519
816.15	205.909
806.89	206.299
844.28	206.688
835.52	207.078
811.36	207.468
816.87	207.858
829.28	208.247
838.84	208.637
845.67	209.027
828.98	209.417
814.13	209.807
801.46	210.196
796.63	210.586
803.59	210.976
826.18	211.366
859.2	211.755
833.3	212.145
821.75	212.535
827.14	212.925
832.81	213.314
754.65	213.704
879.78	214.094
831.45	214.484
808.96	214.874
830.74	215.263
827.6	215.653
832.58	216.043
814.86	216.433
799.72	216.822
806.21	217.212
828.38	217.602
822.91	217.992
871.88	218.382
853.34	218.771
847.53	219.161
847.4	219.551
841.44	219.941
816.61	220.330
848.06	220.720
845.69	221.110
829.99	221.500
819.4	221.889
827.84	222.279
819.4	222.669
833.61	223.059
832.29	223.449
823.06	223.838
818.53	224.228
833.49	224.618
781.66	225.008
827.3	225.397
818.09	225.787
814.71	226.177
832.88	226.567
846.43	226.956
810.97	227.346
823.46	227.736
828.48	228.126
824.62	228.516
815.13	228.905
809.5	229.295
848.98	229.685
839.8	230.075
828.88	230.464
819.86	230.854
816.53	231.244
847.06	231.634
837.49	232.024
844.37	232.413
859.56	232.803
869.41	233.193
861.1	233.583
844.89	233.972
859.86	234.362
861.32	234.752
844.64	235.142
828.3	235.531
841.1	235.921
844.38	236.311
814.44	236.701
814.14	237.091
819.03	237.480
827.77	237.870
856.24	238.260
834.01	238.650
847.06	239.039
855.92	239.429
841	239.819
817.88	240.209
855.73	240.599
834.18	240.988
835.34	241.378
834.61	241.768
835.28	242.158
836.22	242.547
822.04	242.937
860.17	243.327
851.88	243.717
846.61	244.106
841.49	244.496
831.64	244.886
820.69	245.276
857.76	245.666
857.95	246.055
841.16	246.445
827.83	246.835
831.81	247.225
824.32	247.614
837.61	248.004
832.01	248.394
838.13	248.784
844.29	249.173
832.02	249.563
820.47	249.953
849.96	250.343
842.56	250.733
850.43	251.122
859.01	251.512
835.16	251.902
841.55	252.292
834.58	252.681
865.31	253.071
862.15	253.461
834.71	253.851
834.23	254.241
857.65	254.630
867.33	255.020
855.38	255.410
848.4	255.800
847.29	256.189
836.63	256.579
857.97	256.969
869.51	257.359
861.06	257.748
856.34	258.138
858.99	258.528
855.72	258.918
848.31	259.308
859.01	259.697
849.8	260.087
831.95	260.477
824.29	260.867
855.22	261.256
813.24	261.646
836.54	262.036
848.77	262.426
850.38	262.816
843.43	263.205
830.57	263.595
842.9	263.985
838.62	264.375
845.11	264.764
861.46	265.154
875.73	265.544
860.02	265.934
864.15	266.323
862.37	266.713
849.91	267.103
846.68	267.493
856.84	267.883
860.35	268.272
874.97	268.662
842.71	269.052
844.9	269.442
849.58	269.831
841.86	270.221
839.84	270.611
875.43	271.001
867.64	271.390
859.78	271.780
844.81	272.170
826.21	272.560
827.65	272.950
841.45	273.339
849.63	273.729
860.06	274.119
857.55	274.509
844.34	274.898
851.3	275.288
870.82	275.678
870.14	276.068
858.81	276.458
841	276.847
827.51	277.237
839.94	277.627
856.3	278.017
867.77	278.406
889.33	278.796
893.21	279.186
879.88	279.576
889.49	279.965
853.44	280.355
856.82	280.745
851.58	281.135
842.61	281.525
842.99	281.914
874.8	282.304
820.17	282.694
852.99	283.084
854.63	283.473
848.97	283.863
847.35	284.253
846.83	284.643
871.85	285.033
875.94	285.422
882.56	285.812
897.9	286.202
907.48	286.592
881.75	286.981
907.26	287.371
882.64	287.761
883.54	288.151
870.25	288.540
859.81	288.930
900.59	289.320
869.15	289.710
857.32	290.100
869.5	290.489
864.68	290.879
856.96	291.269
880.68	291.659
841.89	292.048
859.82	292.438
862.35	292.828
862.89	293.218
860.93	293.608
854.46	293.997
873.15	294.387
884.93	294.777
880.95	295.167
882.39	295.556
878.75	295.946
860.38	296.336
871.8	296.726
878.63	297.115
865.31	297.505
859.84	297.895
866.87	298.285
880.78	298.675
877.15	299.064
882.62	299.454
871.52	299.844
886.53	300.234
892.2	300.623
873.53	301.013
890.03	301.403
906.03	301.793
901.19	302.182
870.17	302.572
863.62	302.962
883.96	303.352
850.16	303.742
923.38	304.131
893.82	304.521
886.51	304.911
883.89	305.301
887.92	305.690
921.8	306.080
866.46	306.470
872.7	306.860
875.16	307.250
882.01	307.639
892.96	308.029
901.85	308.419
900.32	308.809
886.76	309.198
871.74	309.588
860.16	309.978
859.51	310.368
871.17	310.757
852.01	311.147
890.93	311.537
896.91	311.927
883.87	312.317
886.23	312.706
916.53	313.096
890.08	313.486
880.78	313.876
880.13	314.265
893.93	314.655
893.21	315.045
871.33	315.435
872.79	315.825
920.95	316.214
911.3	316.604
893.39	316.994
895.08	317.384
909.38	317.773
893.76	318.163
870.66	318.553
885.93	318.943
913.68	319.332
915.3	319.722
899	320.112
896.23	320.502
871.82	320.892
862.38	321.281
894.68	321.671
904.06	322.061
901	322.451
906.26	322.840
876.35	323.230
895.7	323.620
904.81	324.010
908.06	324.399
897.68	324.789
877.99	325.179
880.88	325.569
891.53	325.959
872.93	326.348
881.47	326.738
908	327.128
925.67	327.518
897.61	327.907
917.43	328.297
918.19	328.687
911.35	329.077
899.1	329.467
901.32	329.856
935.24	330.246
933.75	330.636
898.73	331.026
895.51	331.415
901.65	331.805
909.23	332.195
911.27	332.585
894.55	332.974
910.52	333.364
883.47	333.754
873.08	334.144
884.55	334.534
906.55	334.923
913.43	335.313
919.36	335.703
915.98	336.093
876.58	336.482
879.89	336.872
911.14	337.262
908.03	337.652
934.02	338.042
942.97	338.431
891.77	338.821
893.17	339.211
919.55	339.601
916.8	339.990
867.81	340.380
896.51	340.770
903.37	341.160
899.77	341.549
900.37	341.939
912.52	342.329
931.46	342.719
865.67	343.109
903.96	343.498
887.92	343.888
885.69	344.278
902.52	344.668
910.15	345.057
904.78	345.447
928.97	345.837
896.04	346.227
887.06	346.616
902.01	347.006
915.98	347.396
887.4	347.786
915.98	348.176
913.75	348.565
909.37	348.955
906.34	349.345
899.14	349.735
878.14	350.124
891.17	350.514
905.66	350.904
942.65	351.294
938	351.684
912.49	352.073
905.66	352.463
898.26	352.853
883.38	353.243
894.31	353.632
909.83	354.022
897.98	354.412
864.57	354.802
867.46	355.191
879.23	355.581
882.77	355.971
896.04	356.361
907.3	356.751
909.38	357.140
899.62	357.530
881.25	357.920
902.78	358.310
894.62	358.699
892.54	359.089
892.33	359.479
893.1	359.869
912	360.259
902.02	360.648
918.37	361.038
929.19	361.428
924.03	361.818
909.44	362.207
902.39	362.597
914.95	362.987
939.96	363.377
924.91	363.766
889.9	364.156
876.13	364.546
896.9	364.936
898.37	365.326
859.36	365.715
879.72	366.105
891.28	366.495
883.02	366.885
873.38	367.274
891.21	367.664
892.84	368.054
893.66	368.444
930.46	368.833
925.36	369.223
905.1	369.613
902	370.003
908.41	370.393
947.67	370.782
917.71	371.172
912.39	371.562
906.24	371.952
899.05	372.341
905.71	372.731
909.66	373.121
876.96	373.511
903.81	373.901
938.57	374.290
930.27	374.680
889.93	375.070
934.57	375.460
887.31	375.849
890.01	376.239
915.84	376.629
899.16	377.019
873.01	377.408
896.95	377.798
915.08	378.188
928.73	378.578
896.46	378.968
893.23	379.357
892.95	379.747
877.47	380.137
886.53	380.527
881.91	380.916
872.63	381.306
893.33	381.696
897.52	382.086
890.03	382.476
894.72	382.865
890.21	383.255
891.17	383.645
892.52	384.035
889.88	384.424
914.84	384.814
924.09	385.204
887.47	385.594
865.86	385.983
862.76	386.373
869.79	386.763
874.84	387.153
909.63	387.543
880.64	387.932
899.5	388.322
898.21	388.712
869.95	389.102
889.43	389.491
887	389.881
903.67	390.271
912.09	390.661
919.4	391.051
922.92	391.440
915.76	391.830
902.48	392.220
896.63	392.610
889.49	392.999
918.63	393.389
938.87	393.779
908	394.169
873.37	394.558
887.58	394.948
904.94	395.338
922.76	395.728
918.52	396.118
891.79	396.507
878.74	396.897
892.18	397.287
890.3	397.677
888.82	398.066
880.28	398.456
883.8	398.846
927.1	399.236
912.82	399.625
880.78	400.015
898.18	400.405
904.23	400.795
907.26	401.185
919.96	401.574
882.84	401.964
896.22	402.354
912.93	402.744
900.58	403.133
880.83	403.523
874.09	403.913
886.54	404.303
887.44	404.693
886.82	405.082
878.31	405.472
889.48	405.862
905.78	406.252
892.8	406.641
905.49	407.031
896.66	407.421
887.31	407.811
888	408.200
889.79	408.590
883.43	408.980
875.46	409.370
890.73	409.760
850.39	410.149
870.82	410.539
896.41	410.929
895.54	411.319
884.8	411.708
910.45	412.098
914.04	412.488
904.33	412.878
898.02	413.268
883.84	413.657
849.71	414.047
847.48	414.437
895.3	414.827
928.82	415.216
917.19	415.606
901.08	415.996
916.04	416.386
963.49	416.775
889.12	417.165
900.71	417.555
907.91	417.945
896.08	418.335
881.29	418.724
892.11	419.114
892.96	419.504
887.77	419.894
894.88	420.283
888.53	420.673
881.93	421.063
880.66	421.453
848.5	421.842
906.74	422.232
897.32	422.622
925.93	423.012
928.65	423.402
908.94	423.791
924.97	424.181
911.45	424.571
876.86	424.961
898.04	425.350
887.22	425.740
865.43	426.130
864.14	426.520
852.58	426.910
891.6	427.299
899.22	427.689
907.51	428.079
908.17	428.469
898.66	428.858
884.72	429.248
878.35	429.638
894.56	430.028
869.79	430.417
891.08	430.807
916.62	431.197
898.71	431.587
887.14	431.977
874.2	432.366
880.97	432.756
887.63	433.146
895.34	433.536
897.43	433.925
884.82	434.315
912.1	434.705
918.08	435.095
910.18	435.485
898.96	435.874
895.09	436.264
894.3	436.654
854.83	437.044
868.06	437.433
906.71	437.823
921.51	438.213
909.57	438.603
887.3	438.992
877.63	439.382
850.13	439.772
897.77	440.162
890.98	440.552
878.68	440.941
882.24	441.331
897.78	441.721
885.21	442.111
888.64	442.500
864.56	442.890
871.48	443.280
899.52	443.670
917.7	444.059
899.47	444.449
894.94	444.839
897.34	445.229
893.2	445.619
884.57	446.008
876.12	446.398
878.57	446.788
907.16	447.178
939.47	447.567
905.72	447.957
902.53	448.347
887.73	448.737
874.4	449.127
883.18	449.516
890.58	449.906
906.08	450.296
896.24	450.686
884.61	451.075
892.24	451.465
895.31	451.855
850.59	452.245
868.04	452.634
902.19	453.024
885.74	453.414
884.4	453.804
898	454.194
908.53	454.583
894.54	454.973
868.43	455.363
905.14	455.753
911.07	456.142
897.29	456.532
883.6	456.922
888.09	457.312
911.26	457.702
930.64	458.091
920.65	458.481
912.84	458.871
902.33	459.261
897.55	459.650
912.82	460.040
881.9	460.430
910.73	460.820
899.15	461.209
899.54	461.599
912.5	461.989
924.13	462.379
918.01	462.769
922.29	463.158
909.53	463.548
887.94	463.938
896	464.328
914.85	464.717
911.78	465.107
891.99	465.497
900.24	465.887
918.03	466.276
921.25	466.666
910.63	467.056
889.06	467.446
865.48	467.836
887.28	468.225
899.01	468.615
917.17	469.005
912.63	469.395
909.2	469.784
911.52	470.174
894.61	470.564
917.49	470.954
903.48	471.344
886.6	471.733
904.63	472.123
930.66	472.513
932.61	472.903
910.16	473.292
907.67	473.682
903.5	474.072
908.81	474.462
904.71	474.851
897.61	475.241
896.65	475.631
879.02	476.021
887.3	476.411
897.1	476.800
919.66	477.190
934.4	477.580
929.64	477.970
910.74	478.359
924.63	478.749
897.8	479.139
898.32	479.529
898.71	479.919
908.57	480.308
911.2	480.698
872.01	481.088
859.33	481.478
931.17	481.867
936.58	482.257
922.28	482.647
923.29	483.037
934.75	483.426
906.98	483.816
939.11	484.206
909.61	484.596
915.16	484.986
920.54	485.375
920.81	485.765
923.48	486.155
940.36	486.545
944.66	486.934
908.86	487.324
898.63	487.714
886.35	488.104
888.57	488.494
919.07	488.883
940.74	489.273
902.86	489.663
913.57	490.053
923.87	490.442
915.95	490.832
892.89	491.222
869.26	491.612
858.24	492.001
913.66	492.391
897.24	492.781
912.44	493.171
918.04	493.561
916.09	493.950
926.5	494.340
903.95	494.730
930.8	495.120
941.63	495.509
930.21	495.899
933.01	496.289
936.42	496.679
910.45	497.068
948.84	497.458
868.08	497.848
880.25	498.238
892.35	498.628
916.72	499.017
936.67	499.407
918.39	499.797
918.45	500.187
909.02	500.576
909.59	500.966
924.66	501.356
932.79	501.746
920.59	502.136
896.28	502.525
930.85	502.915
912.07	503.305
906.57	503.695
929.73	504.084
929.28	504.474
912.8	504.864
939.95	505.254
932.12	505.643
942.34	506.033
904.46	506.423
892.16	506.813
901.38	507.203
907.29	507.592
891.86	507.982
939.39	508.372
931.65	508.762
936.04	509.151
917.57	509.541
916.14	509.931
932.47	510.321
923.12	510.711
919.23	511.100
907.57	511.490
913.52	511.880
936.36	512.270
931.33	512.659
901.52	513.049
898.32	513.439
919.64	513.829
918.13	514.218
920.62	514.608
938.61	514.998
948.6	515.388
942.18	515.778
930.39	516.167
914.04	516.557
923.63	516.947
946.62	517.337
940.45	517.726
924.81	518.116
905.15	518.506
882.86	518.896
954.81	519.285
938.81	519.675
914.6	520.065
913.48	520.455
912.71	520.845
907.01	521.234
912.81	521.624
957.81	522.014
902.43	522.404
950.11	522.793
929.32	523.183
924.33	523.573
948.81	523.963
960.61	524.353
953.94	524.742
944.87	525.132
917.01	525.522
910.29	525.912
938.58	526.301
954.39	526.691
920.65	527.081
919.97	527.471
924.28	527.860
928.65	528.250
942.11	528.640
934.04	529.030
913.07	529.420
911.97	529.809
966.59	530.199
941.96	530.589
936.91	530.979
914.25	531.368
924.97	531.758
950.74	532.148
962.22	532.538
958.21	532.928
923.44	533.317
944.58	533.707
967.29	534.097
965.78	534.487
961.12	534.876
956.91	535.266
928.3	535.656
955.71	536.046
912.16	536.435
951.77	536.825
967.09	537.215
937.44	537.605
909.33	537.995
944.55	538.384
933.74	538.774
972.58	539.164
993.28	539.554
966.69	539.943
964.95	540.333
975.93	540.723
947	541.113
924.68	541.502
975.11	541.892
940.05	542.282
944.71	542.672
967.79	543.062
988.48	543.451
989.42	543.841
954.83	544.231
922.57	544.621
957.22	545.010
949.45	545.400
941.14	545.790
941.77	546.180
953.94	546.570
982.24	546.959
979.05	547.349
951.27	547.739
949.39	548.129
953.39	548.518
953.47	548.908
953.39	549.298
963.9	549.688
971.72	550.077
954.7	550.467
953.04	550.857
962.09	551.247
960.4	551.637
952.17	552.026
951.07	552.416
944.52	552.806
990.83	553.196
937.3	553.585
958.07	553.975
985.33	554.365
980.81	554.755
958.76	555.145
980.78	555.534
933.78	555.924
975.96	556.314
991.49	556.704
977.53	557.093
963.19	557.483
949.76	557.873
918.39	558.263
948.02	558.652
966.82	559.042
961.92	559.432
962.48	559.822
955.68	560.212
951.76	560.601
971.4	560.991
1015.8	561.381
963.22	561.771
977.15	562.160
965.48	562.550
970.11	562.940
978.59	563.330
975.35	563.719
971.42	564.109
972.29	564.499
975.5	564.889
967.43	565.279
959.03	565.668
951.81	566.058
954.39	566.448
971.24	566.838
967.53	567.227
1008	567.617
976.67	568.007
957.99	568.397
958.78	568.787
971.94	569.176
982.65	569.566
974.21	569.956
938.6	570.346
977.04	570.735
977.58	571.125
989	571.515
988.72	571.905
972.49	572.294
968.66	572.684
997.92	573.074
968.08	573.464
968.95	573.854
947.55	574.243
951.26	574.633
966.75	575.023
962.98	575.413
948.99	575.802
949.9	576.192
960.64	576.582
957.12	576.972
987.07	577.362
1002.8	577.751
997.35	578.141
1008.6	578.531
976.33	578.921
956.44	579.310
962.64	579.700
937.77	580.090
955.33	580.480
971.7	580.869
951.3	581.259
986.53	581.649
991.59	582.039
968.52	582.429
986.76	582.818
1004	583.208
1005.7	583.598
984.57	583.988
951.87	584.377
980.74	584.767
963.9	585.157
944.25	585.547
989.58	585.937
1017.1	586.326
1003.9	586.716
976.28	587.106
980.39	587.496
1020.3	587.885
988.74	588.275
989.68	588.665
986.77	589.055
972.99	589.444
971.8	589.834
989.6	590.224
938.33	590.614
962.64	591.004
1007.9	591.393
990.16	591.783
971.2	592.173
962.89	592.563
968.58	592.952
993.94	593.342
998.71	593.732
988.06	594.122
990.31	594.511
983.76	594.901
969.89	595.291
966.24	595.681
974.62	596.071
960.89	596.460
978.35	596.850
953.44	597.240
942.19	597.630
962.8	598.019
975.09	598.409
965.38	598.799
956	599.189
975.31	599.579
996.26	599.968
995.58	600.358
982.7	600.748
985.47	601.138
989	601.527
979.08	601.917
962	602.307
948.83	602.697
943.06	603.086
940.05	603.476
964.69	603.866
991.59	604.256
983.73	604.646
947.14	605.035
951.25	605.425
979.8	605.815
970.28	606.205
958.75	606.594
952.35	606.984
971.46	607.374
982.45	607.764
962.68	608.154
991.29	608.543
1010.8	608.933
986.26	609.323
982.4	609.713
985.82	610.102
990.7	610.492
990.63	610.882
981.9	611.272
973.76	611.661
971.23	612.051
960.15	612.441
976.08	612.831
974.86	613.221
965.11	613.610
967.98	614.000
985.34	614.390
970.78	614.780
1014.1	615.169
963.6	615.559
972.18	615.949
953.18	616.339
939.46	616.728
970.38	617.118
1011.8	617.508
1007.9	617.898
985.66	618.288
971.2	618.677
960.53	619.067
972.75	619.457
975.74	619.847
958.99	620.236
976.15	620.626
977.02	621.016
956	621.406
941.44	621.796
959.66	622.185
957.81	622.575
953.62	622.965
975.7	623.355
985.73	623.744
978.4	624.134
964.09	624.524
969.52	624.914
990.16	625.303
977.02	625.693
953.69	626.083
963.57	626.473
981.41	626.863
998.13	627.252
970.56	627.642
937.13	628.032
936.12	628.422
971.66	628.811
995.13	629.201
976.61	629.591
987.48	629.981
973.29	630.371
999.23	630.760
971.31	631.150
958.56	631.540
961	631.930
973.36	632.319
980.88	632.709
942.85	633.099
958.92	633.489
962.89	633.878
948.95	634.268
968.73	634.658
984.95	635.048
979.25	635.438
971.35	635.827
993.88	636.217
982.17	636.607
967.33	636.997
947.19	637.386
965.3	637.776
967.11	638.166
959.86	638.556
979.66	638.945
993.57	639.335
984.43	639.725
925.25	640.115
961.47	640.505
966.85	640.894
965.66	641.284
963.38	641.674
951.99	642.064
956.82	642.453
941.12	642.843
957.96	643.233
967.75	643.623
962.5	644.013
930.18	644.402
917.87	644.792
950.46	645.182
955.21	645.572
962.65	645.961
965.15	646.351
948.88	646.741
973.82	647.131
976.81	647.520
970.86	647.910
976.91	648.300
956.73	648.690
973.67	649.080
958.01	649.469
976.88	649.859
989.91	650.249
985.36	650.639
978.84	651.028
979.78	651.418
974.2	651.808
960.13	652.198
974.61	652.588
965.75	652.977
974.09	653.367
999.51	653.757
997.95	654.147
970.09	654.536
971.62	654.926
998.38	655.316
977.54	655.706
971.44	656.095
978.64	656.485
953.61	656.875
944.37	657.265
965.82	657.655
985.08	658.044
1005.2	658.434
1013	658.824
990.55	659.214
979.15	659.603
955.46	659.993
947.89	660.383
961.19	660.773
976.11	661.162
982.99	661.552
1002.1	661.942
991.68	662.332
972.94	662.722
996.94	663.111
998.65	663.501
983.88	663.891
978.18	664.281
968.97	664.670
1008.8	665.060
972.59	665.450
1018.8	665.840
1003.3	666.230
984.22	666.619
982.67	667.009
989.92	667.399
994.6	667.789
1007.5	668.178
973.3	668.568
1010.7	668.958
979.3	669.348
938.92	669.737
936.84	670.127
978.36	670.517
1014.8	670.907
967.97	671.297
975.57	671.686
978.85	672.076
996.35	672.466
993.37	672.856
989.92	673.245
986.27	673.635
985.87	674.025
1006.4	674.415
979.59	674.805
981.36	675.194
962.45	675.584
963.54	675.974
955.86	676.364
958.33	676.753
983.08	677.143
998.12	677.533
935.36	677.923
983.69	678.312
946.2	678.702
970.72	679.092
1003.8	679.482
982.01	679.872
950.25	680.261
972.83	680.651
1004.7	681.041
958.62	681.431
970.4	681.820
1012.8	682.210
973.07	682.600
983.36	682.990
1001.9	683.380
988.25	683.769
981.75	684.159
955.25	684.549
995.37	684.939
959.7	685.328
966.76	685.718
992.52	686.108
1019.8	686.498
1010.9	686.887
968.51	687.277
976.45	687.667
987.05	688.057
979.57	688.447
965.52	688.836
987.91	689.226
987.96	689.616
988.92	690.006
1000.5	690.395
990.38	690.785
972.91	691.175
988.51	691.565
990.94	691.954
961.1	692.344
963.79	692.734
981.61	693.124
986.89	693.514
978.22	693.903
983.05	694.293
1001.4	694.683
968.04	695.073
981.87	695.462
999.17	695.852
979.74	696.242
982.68	696.632
998.92	697.022
985.34	697.411
1029.3	697.801
1012.6	698.191
1004.5	698.581
997.59	698.970
999.49	699.360
991.99	699.750
975.96	700.140
973.59	700.529
994.97	700.919
970.76	701.309
985.75	701.699
971.05	702.089
979.66	702.478
990.95	702.868
986.67	703.258
969.6	703.648
965.15	704.037
993.65	704.427
972.98	704.817
1012.5	705.207
987.06	705.597
982.66	705.986
953.62	706.376
956.6	706.766
988.05	707.156
984.82	707.545
953.83	707.935
989.5	708.325
982.93	708.715
970.37	709.104
994.62	709.494
986.99	709.884
978.55	710.274
975.83	710.664
948.09	711.053
979.01	711.443
992.74	711.833
1008.9	712.223
991.91	712.612
993.66	713.002
982.54	713.392
965.95	713.782
969.78	714.171
992.93	714.561
991.38	714.951
984.45	715.341
1005.7	715.731
990.36	716.120
974	716.510
984.39	716.900
999.06	717.290
995.7	717.679
986.15	718.069
931.71	718.459
1006	718.849
1024.9	719.239
982.97	719.628
966.92	720.018
950.15	720.408
941.32	720.798
968.66	721.187
1005.4	721.577
972.21	721.967
981.88	722.357
981.35	722.746
1001.4	723.136
991.7	723.526
986.9	723.916
984.2	724.306
972.48	724.695
994.14	725.085
1003	725.475
1010.9	725.865
967.32	726.254
966.08	726.644
980.84	727.034
995.83	727.424
1002.4	727.814
998.19	728.203
989.02	728.593
986.68	728.983
957.33	729.373
1001.1	729.762
1018.1	730.152
1023.2	730.542
1005	730.932
990.67	731.321
996.22	731.711
975.33	732.101
1028.2	732.491
976.13	732.881
988.59	733.270
968.99	733.660
972.65	734.050
981.32	734.440
975.66	734.829
969.47	735.219
992.63	735.609
1025.2	735.999
1025.3	736.388
1033.8	736.778
993.18	737.168
985.42	737.558
1006.6	737.948
1010.7	738.337
985.02	738.727
974.24	739.117
968.83	739.507
1012.5	739.896
997.78	740.286
989.04	740.676
985.21	741.066
963.95	741.456
963.46	741.845
1000.1	742.235
1015.2	742.625
1007.1	743.015
1023.8	743.404
992.78	743.794
975.42	744.184
984.78	744.574
990.11	744.963
991.03	745.353
992	745.743
987.09	746.133
998.08	746.523
1009.3	746.912
945.35	747.302
992.53	747.692
1025.8	748.082
994.26	748.471
978.47	748.861
1003.2	749.251
1010.4	749.641
1017.2	750.031
1020.6	750.420
1002.8	750.810
995.3	751.200
993.36	751.590
1016.2	751.979
1013.3	752.369
1002.3	752.759
1012.9	753.149
983.56	753.538
1021.2	753.928
998.36	754.318
988.81	754.708
1007.4	755.098
1019.9	755.487
1002.1	755.877
995.12	756.267
1007.7	756.657
982.15	757.046
987.06	757.436
1026.3	757.826
969.69	758.216
968.11	758.605
980.04	758.995
1017.8	759.385
1029.9	759.775
1006.2	760.165
1003.2	760.554
1030.1	760.944
1002.8	761.334
989.2	761.724
1008.7	762.113
1007	762.503
994.15	762.893
983.58	763.283
993.72	763.673
1017.1	764.062
1015	764.452
1028.3	764.842
1004.3	765.232
1021	765.621
1023.9	766.011
1034.6	766.401
1012.7	766.791
995.94	767.180
1003	767.570
989.01	767.960
963.85	768.350
994.16	768.740
1029.7	769.129
982.34	769.519
994.18	769.909
1019.8	770.299
1022.7	770.688
1001.2	771.078
984.98	771.468
1002.3	771.858
999.39	772.248
1027	772.637
965.78	773.027
967.91	773.417
984.93	773.807
1010.7	774.196
1015.1	774.586
997.75	774.976
988.86	775.366
974.73	775.755
1042	776.145
1085.8	776.535
1016.1	776.925
998.86	777.315
1018.2	777.704
1033.3	778.094
1024	778.484
1000.1	778.874
990.6	779.263
1027.7	779.653
1038.2	780.043
973.34	780.433
966.05	780.822
1002	781.212
998.76	781.602
1000.2	781.992
1016.1	782.382
1015.1	782.771
1033.7	783.161
1015.5	783.551
1007.5	783.941
991.71	784.330
984.15	784.720
982.53	785.110
996.11	785.500
1010.4	785.890
1000.8	786.279
980.92	786.669
1016.9	787.059
965.86	787.449
998.91	787.838
965.65	788.228
1050.7	788.618
1025	789.008
994.1	789.397
994.1	789.787
989.52	790.177
989.67	790.567
981.42	790.957
991.65	791.346
990.87	791.736
972.96	792.126
973.25	792.516
978.1	792.905
982.5	793.295
987.91	793.685
988.21	794.075
985.56	794.465
1040.4	794.854
968.03	795.244
1013.1	795.634
998.37	796.024
970.26	796.413
977.19	796.803
1009.3	797.193
1026.7	797.583
1010.1	797.972
990.1	798.362
1021.8	798.752
997.44	799.142
1036.3	799.532
1023.2	799.921
1002.3	800.311
997.63	800.701
1009.3	801.091
993.72	801.480
960.07	801.870
1005	802.260
1031.4	802.650
1000.8	803.040
962.95	803.429
993.57	803.819
1023.7	804.209
1032.9	804.599
1026.3	804.988
1026.4	805.378
1037	805.768
1023.5	806.158
977.79	806.547
1001.5	806.937
1021.4	807.327
993.32	807.717
974.38	808.107
986.25	808.496
997.31	808.886
992.12	809.276
983.39	809.666
982.8	810.055
1001.6	810.445
991.29	810.835
1044.1	811.225
992.78	811.614
989.64	812.004
1008.5	812.394
1029.7	812.784
1030.2	813.174
1008.8	813.563
1004.8	813.953
1033.6	814.343
1022.6	814.733
990.25	815.122
1026.2	815.512
998.15	815.902
1012.4	816.292
1009.9	816.682
993.97	817.071
993.03	817.461
988.34	817.851
1018.7	818.241
1029.6	818.630
1040.2	819.020
1034.3	819.410
989.22	819.800
1022	820.189
1065.4	820.579
1055.7	820.969
1024.9	821.359
1024	821.749
1013	822.138
1080.8	822.528
991.59	822.918
1025.4	823.308
1018.2	823.697
1014	824.087
989.25	824.477
985.27	824.867
1010.5	825.257
1029	825.646
1038.4	826.036
1044.9	826.426
1030.1	826.816
1020.9	827.205
1032.2	827.595
1031.6	827.985
1032.6	828.375
1032.7	828.764
1025.7	829.154
1022.3	829.544
1024.2	829.934
980.01	830.324
1032.6	830.713
1059	831.103
1012.1	831.493
1026.8	831.883
1041.5	832.272
1045.1	832.662
1032.7	833.052
1011	833.442
996.16	833.831
995.86	834.221
1031.3	834.611
1026.1	835.001
1018.7	835.391
1037.9	835.780
1033.6	836.170
1038.7	836.560
1022.9	836.950
1023.2	837.339
1054	837.729
1041.2	838.119
1022.8	838.509
1041.3	838.899
1000.8	839.288
978.48	839.678
1029.4	840.068
1041.3	840.458
1024.2	840.847
1016	841.237
1033.9	841.627
1056.4	842.017
1048.6	842.406
1065.7	842.796
1025.7	843.186
1027.5	843.576
1035.2	843.966
1052.6	844.355
1036	844.745
1015.3	845.135
1037.2	845.525
1064.4	845.914
1034.2	846.304
1023.4	846.694
1021.8	847.084
1020.1	847.474
1064.3	847.863
1027.9	848.253
1074.5	848.643
1056.2	849.033
1025.9	849.422
1026.8	849.812
1038.7	850.202
1056.3	850.592
1036.9	850.981
1076.1	851.371
1033.5	851.761
1026.3	852.151
1024.1	852.541
1078.2	852.930
1075.5	853.320
1047.4	853.710
1033.3	854.100
1023	854.489
1026.2	854.879
1021.6	855.269
1063.3	855.659
1009.1	856.048
1061.1	856.438
1051.9	856.828
1049.3	857.218
1026.5	857.608
1031.1	857.997
1052.4	858.387
1030.2	858.777
1003.3	859.167
1015.8	859.556
1031.3	859.946
1047.9	860.336
1044.9	860.726
1036.7	861.116
1032	861.505
1034.3	861.895
1036.4	862.285
1027.4	862.675
1025	863.064
1056.7	863.454
1032.6	863.844
1027.5	864.234
1072.7	864.623
1062.5	865.013
1060.5	865.403
1044.5	865.793
1022.9	866.183
1026.2	866.572
1048.7	866.962
1062.3	867.352
1066.9	867.742
1055.4	868.131
1053.8	868.521
1066.1	868.911
1033.7	869.301
1011.8	869.691
1017	870.080
1011.4	870.470
1010.9	870.860
1028.1	871.250
1043	871.639
1038.9	872.029
1018.6	872.419
1093.7	872.809
1052.9	873.198
1007.9	873.588
1038.2	873.978
1031	874.368
1031.5	874.758
1035.9	875.147
1052.8	875.537
1076.6	875.927
1064.7	876.317
1073.6	876.706
1066.2	877.096
1039	877.486
1054.6	877.876
1061.5	878.265
1043.5	878.655
1036.7	879.045
1032.3	879.435
1017.2	879.825
1002.4	880.214
1007.3	880.604
1024.6	880.994
997.96	881.384
1036.1	881.773
1063.4	882.163
1058.5	882.553
1040.3	882.943
1026.9	883.333
1048.3	883.722
1034.6	884.112
1002.2	884.502
1018.8	884.892
1018.4	885.281
1024.8	885.671
1048.7	886.061
1004.3	886.451
1024.8	886.840
1042.9	887.230
1038.3	887.620
1019.8	888.010
1028.4	888.400
1045.1	888.789
1038.3	889.179
1020.3	889.569
984.03	889.959
988.84	890.348
1058.6	890.738
1046.9	891.128
1028.5	891.518
1026.4	891.908
1043.4	892.297
1030.6	892.687
1031.1	893.077
1034.6	893.467
995.14	893.856
984.75	894.246
1009.8	894.636
1018.3	895.026
1024.6	895.415
1034.6	895.805
1063.5	896.195
1069.4	896.585
1055.6	896.975
1079.9	897.364
1079.6	897.754
1039.8	898.144
1052.6	898.534
1069.8	898.923
1065.9	899.313
1034.6	899.703
1015.5	900.093
1004.4	900.483
1004.9	900.872
1027.9	901.262
1037	901.652
1026.6	902.042
1056	902.431
1110.2	902.821
1089.7	903.211
1057.7	903.601
1034.4	903.990
1063.8	904.380
1050.2	904.770
1031.6	905.160
1035.9	905.550
1057.2	905.939
1077.8	906.329
1090.2	906.719
1089.3	907.109
1069.4	907.498
1039	907.888
1028.9	908.278
1030.4	908.668
1066.5	909.057
1042.9	909.447
1064.7	909.837
1028.7	910.227
1059.9	910.617
1051.9	911.006
998.66	911.396
996.9	911.786
1039.4	912.176
1026.4	912.565
1041.9	912.955
1060.1	913.345
1011.4	913.735
1038.6	914.125
1032.5	914.514
1069.8	914.904
1086.8	915.294
1067.6	915.684
1070.8	916.073
1081.7	916.463
1057.3	916.853
1042	917.243
1049.1	917.632
1058.6	918.022
1045.3	918.412
1089.1	918.802
1031.8	919.192
1045.6	919.581
1020.2	919.971
1035.6	920.361
1068.8	920.751
1071.1	921.140
1052.5	921.530
1037.9	921.920
1042	922.310
1038.2	922.700
985.48	923.089
1049.4	923.479
1072.5	923.869
1050.8	924.259
1063.2	924.648
1073.3	925.038
1094.2	925.428
1095.1	925.818
1062.6	926.207
1052.8	926.597
1064.6	926.987
1055.7	927.377
1038.7	927.767
1094.6	928.156
1088.4	928.546
1061.7	928.936
1088.5	929.326
1077.2	929.715
1063	930.105
1066	930.495
1063.5	930.885
1066.2	931.274
1091.7	931.664
1054.3	932.054
1031.9	932.444
1021.2	932.834
1046.9	933.223
1021.7	933.613
1017.5	934.003
1048	934.393
1067.7	934.782
1046.1	935.172
1021.1	935.562
1028.9	935.952
1048.7	936.342
1062.6	936.731
1052	937.121
1022	937.511
1071.7	937.901
1047.2	938.290
1048.7	938.680
1036.6	939.070
1040.3	939.460
1071.8	939.849
1092.5	940.239
1072	940.629
1040.1	941.019
1043.2	941.409
1053.9	941.798
1046.9	942.188
1052.3	942.578
1043.6	942.968
1048.9	943.357
1058.4	943.747
1043.6	944.137
1030.4	944.527
1033.3	944.917
1040.2	945.306
1048.1	945.696
1058.4	946.086
1050.2	946.476
1026.3	946.865
1025.7	947.255
1034.8	947.645
1092.7	948.035
1044.1	948.424
1064	948.814
1072.3	949.204
1053.8	949.594
1058.3	949.984
1062.1	950.373
1032.6	950.763
1025.9	951.153
1073.7	951.543
1050.1	951.932
1048.6	952.322
1051.4	952.712
1046.3	953.102
1121.9	953.491
1120.1	953.881
1075.7	954.271
1042.4	954.661
1049.5	955.051
1049	955.440
1028.3	955.830
1023.1	956.220
1005.3	956.610
1024.3	956.999
1072.9	957.389
1092.9	957.779
1073.1	958.169
1036.3	958.559
1048.9	958.948
1028.9	959.338
1040	959.728
1061.4	960.118
1037.2	960.507
1020.7	960.897
1059.2	961.287
1063.1	961.677
1068.4	962.066
1047.7	962.456
1038	962.846
1078.4	963.236
1062.6	963.626
1063.7	964.015
1049.4	964.405
1039.3	964.795
1047.7	965.185
1032.9	965.574
1002.4	965.964
1011.7	966.354
1056.3	966.744
1031.3	967.134
1031.6	967.523
1038.2	967.913
1054	968.303
1039	968.693
1042.5	969.082
1042.6	969.472
1031.7	969.862
1044.9	970.252
1063.7	970.641
1017.4	971.031
1031.2	971.421
1033.8	971.811
1050.3	972.201
1086.4	972.590
1079.3	972.980
1048.2	973.370
1073	973.760
1073.1	974.149
1037.3	974.539
1014.4	974.929
1017.1	975.319
1018.7	975.709
1009.7	976.098
1077.3	976.488
1031.9	976.878
1020.1	977.268
1022.9	977.657
1023.1	978.047
1063.3	978.437
1032.3	978.827
1022.2	979.216
1054.8	979.606
1052.2	979.996
1059.1	980.386
1046.1	980.776
1058.9	981.165
1044.6	981.555
1065.2	981.945
1057.5	982.335
1073.1	982.724
1063.7	983.114
1058.6	983.504
1046.4	983.894
1041.8	984.283
1055.8	984.673
1043	985.063
1015.8	985.453
1022.3	985.843
1042.7	986.232
1060.2	986.622
1043	987.012
1057.9	987.402
1075.2	987.791
1065.9	988.181
1068.6	988.571
1079.7	988.961
1081.2	989.351
1078.4	989.740
1050.7	990.130
1050.5	990.520
1046.3	990.910
1087.9	991.299
1069	991.689
1069	992.079
1068.2	992.469
1063.1	992.858
1052	993.248
1038.6	993.638
1050	994.028
1070.6	994.418
1045.3	994.807
1057.4	995.197
1058.3	995.587
1025.1	995.977
1035.5	996.366
1072.3	996.756
1066	997.146
1057.2	997.536
1046.2	997.926
1042.6	998.315
1047.6	998.705
1053	999.095
1051.8	999.485
1041.9	999.874
1058.3	1000.264
1049.9	1000.654
1034.5	1001.044
1054.3	1001.433
1042.2	1001.823
1036.4	1002.213
1085.5	1002.603
1089.2	1002.993
1046.6	1003.382
1048	1003.772
1073.7	1004.162
1036.8	1004.552
1049.6	1004.941
1027.2	1005.331
1071.1	1005.721
1060.5	1006.111
1067.4	1006.500
1079.5	1006.890
1133.5	1007.280
1069	1007.670
1042	1008.060
1056.9	1008.449
1067.9	1008.839
1094.1	1009.229
1085.1	1009.619
1075.1	1010.008
1019.4	1010.398
1070.2	1010.788
1036	1011.178
1045.5	1011.568
1022	1011.957
1030.6	1012.347
1049.2	1012.737
1066.6	1013.127
1051.6	1013.516
1032.9	1013.906
1058.3	1014.296
1076.6	1014.686
1065.7	1015.075
1034.4	1015.465
1069.2	1015.855
1035.1	1016.245
1046.2	1016.635
1059.1	1017.024
1068	1017.414
1037.3	1017.804
1019	1018.194
1077	1018.583
1119.2	1018.973
1057.4	1019.363
1021.5	1019.753
1062.2	1020.143
1058.3	1020.532
1043.4	1020.922
1067.4	1021.312
1056.3	1021.702
1093.7	1022.091
1089.2	1022.481
1061.2	1022.871
1045.9	1023.261
1048.2	1023.650
1039.2	1024.040
1030.8	1024.430
1053.9	1024.820
1030.8	1025.210
1051	1025.599
1056.3	1025.989
1057.3	1026.379
1060.7	1026.769
1096	1027.158
1047	1027.548
1098.3	1027.938
1105.5	1028.328
1075.8	1028.717
1070.7	1029.107
1063.7	1029.497
1044.6	1029.887
1054.8	1030.277
1066.2	1030.666
1029.4	1031.056
1088.8	1031.446
1032.6	1031.836
1064.3	1032.225
1056.1	1032.615
1040.5	1033.005
1074.7	1033.395
1095.9	1033.785
1098.5	1034.174
1103.7	1034.564
1091.1	1034.954
1066.7	1035.344
1064.7	1035.733
1044.8	1036.123
1084.2	1036.513
1056.1	1036.903
1072.3	1037.292
1090.9	1037.682
1105.7	1038.072
1107.7	1038.462
1107.9	1038.852
1093.3	1039.241
1072.3	1039.631
1063.4	1040.021
1063	1040.411
1067.3	1040.800
1074.9	1041.190
1102.9	1041.580
1056.4	1041.970
1097.3	1042.360
1116.4	1042.749
1075	1043.139
1088.9	1043.529
1105.1	1043.919
1081.5	1044.308
1042	1044.698
1043.7	1045.088
1077.2	1045.478
1087.2	1045.867
1096.4	1046.257
1090.7	1046.647
1033.3	1047.037
1035.1	1047.427
1029.1	1047.816
1095.1	1048.206
1066.7	1048.596
1080.1	1048.986
1067.4	1049.375
1059.8	1049.765
1080.2	1050.155
1074.3	1050.545
1046.3	1050.934
1062	1051.324
1075.8	1051.714
1083.4	1052.104
1044.8	1052.494
1091.9	1052.883
1041.5	1053.273
1070	1053.663
1072.2	1054.053
1069	1054.442
1054.8	1054.832
1063.1	1055.222
1081.2	1055.612
1079.6	1056.002
1070.6	1056.391
1077.2	1056.781
1081.7	1057.171
1070.2	1057.561
1037.4	1057.950
1105	1058.340
1065.4	1058.730
1036.8	1059.120
1082.4	1059.509
1052.3	1059.899
1080.7	1060.289
1075.7	1060.679
1068.2	1061.069
1098.4	1061.458
1107.4	1061.848
1090.3	1062.238
1097.6	1062.628
1033.5	1063.017
1072.9	1063.407
1078.1	1063.797
1090.3	1064.187
1079.1	1064.577
1076.7	1064.966
1108.4	1065.356
1087.4	1065.746
1084.2	1066.136
1084.1	1066.525
1072	1066.915
1078.3	1067.305
1070.2	1067.695
1015	1068.084
1032.2	1068.474
1075.5	1068.864
1048.9	1069.254
1060.5	1069.644
1098.6	1070.033
1088.1	1070.423
1093.8	1070.813
1080.6	1071.203
1077.1	1071.592
1080.6	1071.982
1078.5	1072.372
1082	1072.762
1098.1	1073.151
1103.9	1073.541
1088.6	1073.931
1082.1	1074.321
1059.7	1074.711
1052.2	1075.100
1050.4	1075.490
1102.2	1075.880
1095.6	1076.270
1093	1076.659
1056.1	1077.049
1059.5	1077.439
1067.1	1077.829
1059.9	1078.219
1061	1078.608
1077.6	1078.998
1090.3	1079.388
1092.2	1079.778
1088.1	1080.167
1042.9	1080.557
1068.3	1080.947
1072	1081.337
1071.2	1081.726
1037.3	1082.116
1033	1082.506
1051.9	1082.896
1077.9	1083.286
1083.5	1083.675
1059.5	1084.065
1058.1	1084.455
1057.4	1084.845
1045.6	1085.234
1096.3	1085.624
1103.9	1086.014
1038.2	1086.404
1045.6	1086.794
1079.7	1087.183
1057.9	1087.573
1034.6	1087.963
1106.2	1088.353
1119	1088.742
1092.4	1089.132
1075.8	1089.522
1072.2	1089.912
1069.6	1090.301
1071.5	1090.691
1061	1091.081
1051.9	1091.471
1100.9	1091.861
1076.8	1092.250
1103.5	1092.640
1084.5	1093.030
1086.4	1093.420
1069	1093.809
1084.1	1094.199
1080.7	1094.589
1089.5	1094.979
1096.5	1095.369
1069.8	1095.758
1079.9	1096.148
1095.6	1096.538
1081.3	1096.928
1089.6	1097.317
1105	1097.707
1087.9	1098.097
1080.6	1098.487
1041.6	1098.876
1130.6	1099.266
1086.5	1099.656
1082.4	1100.046
1079	1100.436
1070.4	1100.825
1105.7	1101.215
1069.9	1101.605
1061.1	1101.995
1079.8	1102.384
1088.2	1102.774
1074.9	1103.164
1059.2	1103.554
1095.6	1103.943
1106.8	1104.333
1079.9	1104.723
1055.8	1105.113
1055	1105.503
1116.5	1105.892
1057.2	1106.282
1082.4	1106.672
1101.2	1107.062
1067.5	1107.451
1083	1107.841
1081	1108.231
1073.1	1108.621
1069.7	1109.011
1075.3	1109.400
1111.3	1109.790
1120.9	1110.180
1080.5	1110.570
1070.5	1110.959
1079.9	1111.349
1071.1	1111.739
1088.9	1112.129
1089.1	1112.518
1080.3	1112.908
1114.8	1113.298
1100	1113.688
1086.3	1114.078
1086.7	1114.467
1101.2	1114.857
1097.1	1115.247
1076.5	1115.637
1091.7	1116.026
1110.7	1116.416
1067.5	1116.806
1100.1	1117.196
1091.1	1117.586
1122	1117.975
1117.5	1118.365
1080.6	1118.755
1095.9	1119.145
1069.1	1119.534
1071.9	1119.924
1060	1120.314
1070.8	1120.704
1089.6	1121.093
1079.6	1121.483
1072	1121.873
1069.4	1122.263
1062	1122.653
1091.1	1123.042
1083.8	1123.432
1046.7	1123.822
1076.5	1124.212
1092.3	1124.601
1083	1124.991
1073.3	1125.381
1094.4	1125.771
1099.6	1126.160
1073.9	1126.550
1084.4	1126.940
1091.1	1127.330
1081.5	1127.720
1065.6	1128.109
1089	1128.499
1119.8	1128.889
1093.3	1129.279
1075.8	1129.668
1087.9	1130.058
1083.8	1130.448
1050.7	1130.838
1033.6	1131.228
1058.8	1131.617
1082.2	1132.007
1108.6	1132.397
1103.2	1132.787
1084.2	1133.176
1104.2	1133.566
1082.7	1133.956
1083.6	1134.346
1097.1	1134.735
1071.1	1135.125
1061.4	1135.515
1104.4	1135.905
1141.2	1136.295
1158.4	1136.684
1089	1137.074
1068.7	1137.464
1073.7	1137.854
1113.8	1138.243
1081.7	1138.633
1129.3	1139.023
1121.7	1139.413
1095.7	1139.803
1091	1140.192
1064.2	1140.582
1058.6	1140.972
1090.2	1141.362
1105.1	1141.751
1084.9	1142.141
1077.7	1142.531
1083.2	1142.921
1061	1143.310
1080	1143.700
1110.4	1144.090
1038.4	1144.480
1070.1	1144.870
1084.9	1145.259
1080.5	1145.649
1131.5	1146.039
1102	1146.429
1063.7	1146.818
1078.4	1147.208
1082.2	1147.598
1055.1	1147.988
1046.5	1148.377
1086.9	1148.767
1094.3	1149.157
1070.1	1149.547
1104.1	1149.937
1116.1	1150.326
1076.5	1150.716
1088.3	1151.106
1070.1	1151.496
1090.8	1151.885
1085.3	1152.275
1081.7	1152.665
1098	1153.055
1080.3	1153.445
1080.9	1153.834
1088.9	1154.224
1112	1154.614
1107	1155.004
1089.1	1155.393
1084.1	1155.783
1078.3	1156.173
1083.7	1156.563
1087.5	1156.952
1053.7	1157.342
1066.4	1157.732
1094.8	1158.122
1118.5	1158.512
1087.1	1158.901
1081	1159.291
1072.5	1159.681
1117.2	1160.071
1098.2	1160.460
1086.8	1160.850
1109.3	1161.240
1132.1	1161.630
1110.7	1162.020
1090.4	1162.409
1126.4	1162.799
1142.5	1163.189
1103.8	1163.579
1085.2	1163.968
1097.7	1164.358
1105.2	1164.748
1124.7	1165.138
1077.6	1165.527
1064.3	1165.917
1067.7	1166.307
1115.5	1166.697
1073.2	1167.087
1116.7	1167.476
1093.5	1167.866
1059.5	1168.256
1100.4	1168.646
1088.8	1169.035
1084.8	1169.425
1088.3	1169.815
1094.5	1170.205
1136.4	1170.594
1124.8	1170.984
1072.7	1171.374
1106.2	1171.764
1134.8	1172.154
1102	1172.543
1109.6	1172.933
1105.9	1173.323
1094.5	1173.713
1074.3	1174.102
1080	1174.492
1130.3	1174.882
1090.1	1175.272
1124.1	1175.662
1120	1176.051
1084.7	1176.441
1051.4	1176.831
1089.7	1177.221
1092.7	1177.610
1098.3	1178.000
1102.7	1178.390
1106.1	1178.780
1112.5	1179.169
1079.7	1179.559
1092.6	1179.949
1117	1180.339
1077.1	1180.729
1083.1	1181.118
1068.7	1181.508
1078.9	1181.898
1116.7	1182.288
1120.4	1182.677
1097.4	1183.067
1131.5	1183.457
1170.6	1183.847
1120.5	1184.237
1106.3	1184.626
1120.3	1185.016
1117.2	1185.406
1117.4	1185.796
1119.9	1186.185
1111.1	1186.575
1090.3	1186.965
1077.8	1187.355
1106.8	1187.744
1133.4	1188.134
1132.3	1188.524
1111	1188.914
1134	1189.304
1130.9	1189.693
1112.5	1190.083
1051.1	1190.473
1119.5	1190.863
1108.4	1191.252
1125	1191.642
1126.1	1192.032
1137	1192.422
1134.5	1192.812
1108.6	1193.201
1099.4	1193.591
1114.7	1193.981
1137.4	1194.371
1151.7	1194.760
1133.1	1195.150
1093.4	1195.540
1083.8	1195.930
1092.7	1196.319
1103.8	1196.709
1121.6	1197.099
1099.4	1197.489
1063.5	1197.879
1099.8	1198.268
1136.2	1198.658
1079.6	1199.048
1115.4	1199.438
1151.9	1199.827
1129.2	1200.217
1142.1	1200.607
1156.4	1200.997
1140.7	1201.386
1108.8	1201.776
1123.1	1202.166
1146.4	1202.556
1127.7	1202.946
1118.1	1203.335
1131.2	1203.725
1115.4	1204.115
1104.5	1204.505
1114.4	1204.894
1091.4	1205.284
1057.6	1205.674
1142.1	1206.064
1122.6	1206.454
1158.7	1206.843
1129.5	1207.233
1106.5	1207.623
1133.4	1208.013
1131.8	1208.402
1119.4	1208.792
1136.2	1209.182
1098.2	1209.572
1097.2	1209.961
1127.5	1210.351
1129.7	1210.741
1128.8	1211.131
1130.5	1211.521
1121.5	1211.910
1129.2	1212.300
1137.3	1212.690
1123.2	1213.080
1134.5	1213.469
1161	1213.859
1104.3	1214.249
1133.1	1214.639
1061.7	1215.029
1145.1	1215.418
1145.2	1215.808
1152.4	1216.198
1058.5	1216.588
1150	1216.977
1140.2	1217.367
1134.4	1217.757
1131.8	1218.147
1124.8	1218.536
1107.4	1218.926
1128.7	1219.316
1117.1	1219.706
1095.2	1220.096
1109.5	1220.485
1103.8	1220.875
1096.3	1221.265
1111	1221.655
1113.3	1222.044
1100.1	1222.434
1132.7	1222.824
1112.1	1223.214
1100.6	1223.603
1162.7	1223.993
1100	1224.383
1113.2	1224.773
1110	1225.163
1097.1	1225.552
1102	1225.942
1120.9	1226.332
1126.1	1226.722
1089.6	1227.111
1118.9	1227.501
1121.8	1227.891
1102.6	1228.281
1124.8	1228.671
1134.7	1229.060
1127.5	1229.450
1121	1229.840
1100.4	1230.230
1115.4	1230.619
1128.3	1231.009
1103.6	1231.399
1117.5	1231.789
1105.9	1232.178
1113.4	1232.568
1101.5	1232.958
1129.9	1233.348
1149.8	1233.738
1091.9	1234.127
1130.7	1234.517
1170.4	1234.907
1142.6	1235.297
1146.8	1235.686
1117.2	1236.076
1105.8	1236.466
1133.2	1236.856
1148.5	1237.246
1126.3	1237.635
1118.3	1238.025
1130.2	1238.415
1130.1	1238.805
1126.9	1239.194
1107.3	1239.584
1092.3	1239.974
1138.1	1240.364
1136.9	1240.753
1119.3	1241.143
1103.8	1241.533
1111.2	1241.923
1177.7	1242.313
1205.4	1242.702
1134.5	1243.092
1143.1	1243.482
1131.1	1243.872
1111.2	1244.261
1118.2	1244.651
1118.6	1245.041
1135.5	1245.431
1156.6	1245.820
1130.6	1246.210
1143.7	1246.600
1140.5	1246.990
1127.1	1247.380
1146	1247.769
1156.7	1248.159
1175.4	1248.549
1163.2	1248.939
1129.2	1249.328
1151.4	1249.718
1148.1	1250.108
1133.2	1250.498
1116.5	1250.888
1128.1	1251.277
1180.6	1251.667
1195.4	1252.057
1149.9	1252.447
1130.9	1252.836
1119	1253.226
1101.8	1253.616
1108.4	1254.006
1135.5	1254.395
1119.7	1254.785
1110.2	1255.175
1135.5	1255.565
1152.9	1255.955
1146.4	1256.344
1145.6	1256.734
1147.4	1257.124
1147.8	1257.514
1160.8	1257.903
1171.7	1258.293
1171.2	1258.683
1149.2	1259.073
1129.4	1259.463
1138.7	1259.852
1166.1	1260.242
1193.1	1260.632
1150.7	1261.022
1103	1261.411
1137.1	1261.801
1139.4	1262.191
1128.8	1262.581
1117.4	1262.970
1130.3	1263.360
1122.4	1263.750
1145.3	1264.140
1108.8	1264.530
1159.4	1264.919
1118.6	1265.309
1128	1265.699
1149.4	1266.089
1149	1266.478
1155.1	1266.868
1146.5	1267.258
1146.8	1267.648
1116.8	1268.038
1145.7	1268.427
1194.9	1268.817
1195.7	1269.207
1191.7	1269.597
1183.1	1269.986
1171.7	1270.376
1176	1270.766
1167.1	1271.156
1176.7	1271.545
1190	1271.935
1175.4	1272.325
1160	1272.715
1175.9	1273.105
1179	1273.494
1198.3	1273.884
1165.2	1274.274
1196.5	1274.664
1160.1	1275.053
1199.6	1275.443
1198.9	1275.833
1199	1276.223
1141.4	1276.612
1157.6	1277.002
1200.4	1277.392
1193.8	1277.782
1226.1	1278.172
1220.1	1278.561
1178.1	1278.951
1171.3	1279.341
1182.4	1279.731
1168.9	1280.120
1169	1280.510
1164.8	1280.900
1157.6	1281.290
1160.6	1281.680
1152.4	1282.069
1152.7	1282.459
1169	1282.849
1195.7	1283.239
1201.9	1283.628
1181.1	1284.018
1187	1284.408
1168.2	1284.798
1186.4	1285.187
1174	1285.577
1163	1285.967
1114.8	1286.357
1228	1286.747
1179	1287.136
1187.6	1287.526
1187	1287.916
1186.1	1288.306
1162.4	1288.695
1212.9	1289.085
1230.9	1289.475
1250.1	1289.865
1199.8	1290.255
1237.9	1290.644
1225	1291.034
1218.7	1291.424
1240.6	1291.814
1256.4	1292.203
1260	1292.593
1231.6	1292.983
1204.6	1293.373
1203.2	1293.762
1208.9	1294.152
1231.8	1294.542
1237.6	1294.932
1231.7	1295.322
1278.1	1295.711
1268.7	1296.101
1257.7	1296.491
1241.1	1296.881
1206.7	1297.270
1247.9	1297.660
1255.6	1298.050
1235.6	1298.440
1315.3	1298.829
1293.5	1299.219
1255.4	1299.609
1293.6	1299.999
1249	1300.389
1273.8	1300.778
1306.4	1301.168
1308.5	1301.558
1284.1	1301.948
1325.9	1302.337
1287.4	1302.727
1300	1303.117
1295.8	1303.507
1318.7	1303.897
1334	1304.286
1345.4	1304.676
1358	1305.066
1376.7	1305.456
1393.5	1305.845
1378.2	1306.235
1343.2	1306.625
1369.5	1307.015
1422.4	1307.404
1422.5	1307.794
1456.4	1308.184
1492	1308.574
1440.9	1308.964
1430.4	1309.353
1454.6	1309.743
1524.2	1310.133
1479.4	1310.523
1550.4	1310.912
1527	1311.302
1522	1311.692
1559.9	1312.082
1632.6	1312.472
1609.7	1312.861
1647.4	1313.251
1625.5	1313.641
1721.6	1314.031
1736.4	1314.420
1788.8	1314.810
1812.6	1315.200
1809.7	1315.590
1872	1315.979
1918.8	1316.369
2050	1316.759
2052.4	1317.149
2086	1317.539
2183.7	1317.928
2240.1	1318.318
2380.3	1318.708
2476.7	1319.098
2593.5	1319.487
2754.7	1319.877
2928.7	1320.267
3086.9	1320.657
3277.9	1321.046
3530.1	1321.436
3835.9	1321.826
4160	1322.216
4453.5	1322.606
5059.3	1322.995
5835.3	1323.385
6626.7	1323.775
7632.3	1324.165
9180.5	1324.554
11074	1324.944
13698	1325.334
16999	1325.724
20759	1326.114
25758	1326.503
31074	1326.893
35836	1327.283
39923	1327.673
43705	1328.062
46984	1328.452
49320	1328.842
50586	1329.232
51598	1329.621
51686	1330.011
50962	1330.401
50379	1330.791
48447	1331.181
46163	1331.570
42618	1331.960
38590	1332.350
33803	1332.740
28851	1333.129
23800	1333.519
19384	1333.909
15849	1334.299
13004	1334.689
10716	1335.078
8905.9	1335.468
7658.6	1335.858
6773.5	1336.248
5922.5	1336.637
5238.3	1337.027
4806.4	1337.417
4427.5	1337.807
4094	1338.196
3797.9	1338.586
3481.7	1338.976
3238	1339.366
3000.6	1339.756
2737.3	1340.145
2652.9	1340.535
2580.8	1340.925
2481.1	1341.315
2342.2	1341.704
2230.9	1342.094
2127.4	1342.484
2031.5	1342.874
1979.7	1343.263
1948.1	1343.653
1871.6	1344.043
1874.6	1344.433
1753.7	1344.823
1725.9	1345.212
1689.9	1345.602
1649.1	1345.992
1593.9	1346.382
1535	1346.771
1498.6	1347.161
1522	1347.551
1533.8	1347.941
1536.9	1348.331
1458.5	1348.720
1411.4	1349.110
1404.2	1349.500
1392.8	1349.890
1412.3	1350.279
1418.2	1350.669
1382.2	1351.059
1385.8	1351.449
1355	1351.838
1340.7	1352.228
1361.8	1352.618
1386.5	1353.008
1357	1353.398
1300.9	1353.787
1274.5	1354.177
1283.2	1354.567
1309.6	1354.957
1280.3	1355.346
1251	1355.736
1264.6	1356.126
1279.9	1356.516
1323.5	1356.906
1285.6	1357.295
1267.4	1357.685
1242.8	1358.075
1229.1	1358.465
1242	1358.854
1203.9	1359.244
1194	1359.634
1222.6	1360.024
1194.8	1360.413
1258.6	1360.803
1261.7	1361.193
1225.5	1361.583
1292.5	1361.973
1237.6	1362.362
1214.7	1362.752
1246.3	1363.142
1201	1363.532
1181.5	1363.921
1258.2	1364.311
1187.7	1364.701
1152.4	1365.091
1176.5	1365.481
1216.9	1365.870
1215.1	1366.260
1169.5	1366.650
1170.7	1367.040
1149.6	1367.429
1190.2	1367.819
1181.6	1368.209
1203.8	1368.599
1203.8	1368.988
1204.1	1369.378
1158.1	1369.768
1158.7	1370.158
1185.8	1370.548
1169.3	1370.937
1165.3	1371.327
1186.9	1371.717
1199.3	1372.107
1226.5	1372.496
1212.6	1372.886
1154.8	1373.276
1146	1373.666
1169.1	1374.055
1165.3	1374.445
1154.7	1374.835
1168.7	1375.225
1186.2	1375.615
1184.5	1376.004
1198.7	1376.394
1200.7	1376.784
1174.7	1377.174
1176.1	1377.563
1150.4	1377.953
1155.1	1378.343
1170.7	1378.733
1151.2	1379.123
1161.3	1379.512
1210.7	1379.902
1182.4	1380.292
1192.3	1380.682
1138.3	1381.071
1173.1	1381.461
1177	1381.851
1208	1382.241
1176.2	1382.630
1140	1383.020
1209	1383.410
1203.1	1383.800
1160.4	1384.190
1139.6	1384.579
1183	1384.969
1155.6	1385.359
1142.2	1385.749
1181.5	1386.138
1195.1	1386.528
1199.1	1386.918
1152.3	1387.308
1188.5	1387.698
1157.2	1388.087
1147.7	1388.477
1157.4	1388.867
1122	1389.257
1188.3	1389.646
1136.2	1390.036
1132.3	1390.426
1141.4	1390.816
1130.3	1391.205
1139.6	1391.595
1171	1391.985
1163.3	1392.375
1157.6	1392.765
1137.9	1393.154
1185.8	1393.544
1186.3	1393.934
1157	1394.324
1165.5	1394.713
1152.7	1395.103
1178.9	1395.493
1163.8	1395.883
1174.2	1396.272
1176	1396.662
1177.6	1397.052
1146.2	1397.442
1130.9	1397.832
1170.1	1398.221
1193.7	1398.611
1180.1	1399.001
1121.7	1399.391
1121.3	1399.780
1127.6	1400.170
1114.5	1400.560
1104.9	1400.950
1116.3	1401.340
1129.9	1401.729
1121.6	1402.119
1146.2	1402.509
1162.1	1402.899
1153	1403.288
1147.8	1403.678
1132.9	1404.068
1137.3	1404.458
1174	1404.847
1199.3	1405.237
1205.2	1405.627
1174.2	1406.017
1184.8	1406.407
1195.7	1406.796
1173.4	1407.186
1145.7	1407.576
1126.2	1407.966
1132.2	1408.355
1145.3	1408.745
1128.4	1409.135
1138.9	1409.525
1150.5	1409.915
1179.3	1410.304
1162.6	1410.694
1152.1	1411.084
1161.1	1411.474
1152.5	1411.863
1149.2	1412.253
1113.5	1412.643
1153.2	1413.033
1158.8	1413.422
1131.4	1413.812
1115.2	1414.202
1133.6	1414.592
1152.2	1414.982
1141.2	1415.371
1150.1	1415.761
1194.1	1416.151
1125.4	1416.541
1128.6	1416.930
1135.7	1417.320
1172.5	1417.710
1102.3	1418.100
1140.8	1418.489
1119.5	1418.879
1159.5	1419.269
1169.4	1419.659
1158.6	1420.049
1133.2	1420.438
1142.8	1420.828
1160.4	1421.218
1101.6	1421.608
1116.6	1421.997
1124	1422.387
1168.3	1422.777
1119.5	1423.167
1135.8	1423.557
1109.5	1423.946
1115	1424.336
1153.3	1424.726
1119.7	1425.116
1131.7	1425.505
1173	1425.895
1141.8	1426.285
1111.5	1426.675
1109.2	1427.064
1098.7	1427.454
1111.6	1427.844
1141.8	1428.234
1136.9	1428.624
1157.3	1429.013
1204.9	1429.403
1188.3	1429.793
1145.5	1430.183
1117.3	1430.572
1103	1430.962
1151.6	1431.352
1136.7	1431.742
1158.9	1432.132
1155	1432.521
1126.8	1432.911
1127.4	1433.301
1152.4	1433.691
1118.2	1434.080
1147.6	1434.470
1140.3	1434.860
1118.8	1435.250
1139.1	1435.639
1156.9	1436.029
1131.4	1436.419
1136.6	1436.809
1111.8	1437.199
1118.2	1437.588
1124.3	1437.978
1146.5	1438.368
1153.7	1438.758
1124.4	1439.147
1108.7	1439.537
1137.7	1439.927
1152.4	1440.317
1172.7	1440.706
1181	1441.096
1178.6	1441.486
1137.9	1441.876
1131.3	1442.266
1142.6	1442.655
1127.3	1443.045
1118.3	1443.435
1109.5	1443.825
1140.4	1444.214
1155.1	1444.604
1147.6	1444.994
1138.8	1445.384
1124.4	1445.774
1122.6	1446.163
1128.6	1446.553
1168.5	1446.943
1216	1447.333
1152	1447.722
1124.8	1448.112
1128.3	1448.502
1109.2	1448.892
1119.6	1449.281
1129.2	1449.671
1123.1	1450.061
1131.6	1450.451
1127.7	1450.841
1097.2	1451.230
1099.5	1451.620
1119.4	1452.010
1135.4	1452.400
1133.6	1452.789
1116.8	1453.179
1142.4	1453.569
1165.5	1453.959
1144.6	1454.349
1110	1454.738
1120.3	1455.128
1134.5	1455.518
1143.4	1455.908
1157.1	1456.297
1105.2	1456.687
1110.1	1457.077
1150.6	1457.467
1164.9	1457.856
1177.1	1458.246
1178.2	1458.636
1177.5	1459.026
1157.9	1459.416
1130	1459.805
1125.9	1460.195
1127	1460.585
1152.6	1460.975
1144.6	1461.364
1136.6	1461.754
1129.8	1462.144
1136.1	1462.534
1124.2	1462.924
1137.3	1463.313
1169.2	1463.703
1158.7	1464.093
1148.7	1464.483
1132.5	1464.872
1125.9	1465.262
1149.2	1465.652
1159.5	1466.042
1164.6	1466.431
1163.6	1466.821
1135.3	1467.211
1123.9	1467.601
1156	1467.991
1160.8	1468.380
1147.1	1468.770
1169	1469.160
1140	1469.550
1126	1469.939
1126.5	1470.329
1129.9	1470.719
1169	1471.109
1175.7	1471.498
1196.2	1471.888
1177.8	1472.278
1152.2	1472.668
1140.3	1473.058
1141.1	1473.447
1147.5	1473.837
1147	1474.227
1156.8	1474.617
1150.2	1475.006
1150.4	1475.396
1158.1	1475.786
1134.3	1476.176
1113.8	1476.566
1145.2	1476.955
1159.1	1477.345
1150.1	1477.735
1152.5	1478.125
1136.5	1478.514
1120.6	1478.904
1142.4	1479.294
1133.7	1479.684
1130.3	1480.073
1156.9	1480.463
1153.4	1480.853
1146	1481.243
1151.3	1481.633
1156.5	1482.022
1143	1482.412
1150.3	1482.802
1152.1	1483.192
1144.5	1483.581
1154.3	1483.971
1176.7	1484.361
1154.4	1484.751
1152.5	1485.141
1177.7	1485.530
1156	1485.920
1158.4	1486.310
1177.2	1486.700
1175.1	1487.089
1164.7	1487.479
1160.4	1487.869
1165.7	1488.259
1175.4	1488.648
1194.6	1489.038
1179.7	1489.428
1158.4	1489.818
1164.4	1490.208
1176.9	1490.597
1173.2	1490.987
1167.9	1491.377
1152.5	1491.767
1150.4	1492.156
1149.4	1492.546
1138.4	1492.936
1169.9	1493.326
1162.2	1493.715
1133.3	1494.105
1173.8	1494.495
1195.1	1494.885
1165.9	1495.275
1159.1	1495.664
1163.7	1496.054
1183.4	1496.444
1189.4	1496.834
1182.6	1497.223
1191.1	1497.613
1190.9	1498.003
1162.3	1498.393
1128.8	1498.783
1141.3	1499.172
1145	1499.562
1137.2	1499.952
1162.8	1500.342
