634.48	50.000
615.15	50.409
624.31	50.817
638.65	51.226
623.92	51.634
593.1	52.043
635.56	52.452
667.34	52.860
692.62	53.269
705.32	53.677
714.11	54.086
753.01	54.494
768.79	54.903
795.13	55.312
822.76	55.720
862.27	56.129
914.64	56.537
969.09	56.946
961.87	57.355
1011.8	57.763
1064	58.172
1099.1	58.580
1131.6	58.989
1178.9	59.398
1184.3	59.806
1234.4	60.215
1259.8	60.623
1311.5	61.032
1346.1	61.440
1348.5	61.849
1420.3	62.258
1459.2	62.666
1462.2	63.075
1506.8	63.483
1520.6	63.892
1504.6	64.301
1549.3	64.709
1574.2	65.118
1642.1	65.526
1620.4	65.935
1617	66.343
1648.4	66.752
1684	67.161
1730.6	67.569
1681.2	67.978
1778.5	68.386
1776.2	68.795
1738.3	69.204
1748.6	69.612
1752.3	70.021
1744.4	70.429
1667.7	70.838
1707.1	71.247
1735.3	71.655
1709	72.064
1705.3	72.472
1683.2	72.881
1657.2	73.289
1680.1	73.698
1710.5	74.107
1704.9	74.515
1641.4	74.924
1614.7	75.332
1649.9	75.741
1647	76.150
1632.8	76.558
1605.1	76.967
1572.2	77.375
1572.3	77.784
1525.4	78.193
1528.4	78.601
1537.7	79.010
1535	79.418
1505.6	79.827
1449.7	80.235
1514.8	80.644
1455	81.053
1467.5	81.461
1467.5	81.870
1445.6	82.278
1420.3	82.687
1417.4	83.096
1398.4	83.504
1398.6	83.913
1421.8	84.321
1419.9	84.730
1384.7	85.138
1363.9	85.547
1365.7	85.956
1331.9	86.364
1334.7	86.773
1341.7	87.181
1335.4	87.590
1315.7	87.999
1333.3	88.407
1331.8	88.816
1293.3	89.224
1321.3	89.633
1346.9	90.042
1329.2	90.450
1316.8	90.859
1287.4	91.267
1258.4	91.676
1255.2	92.084
1263.7	92.493
1270	92.902
1265	93.310
1256.6	93.719
1274.2	94.127
1267	94.536
1271.3	94.945
1261.2	95.353
1225.2	95.762
1198.7	96.170
1223.9	96.579
1189.3	96.988
1209.3	97.396
1208.3	97.805
1206.1	98.213
1255.3	98.622
1193.3	99.030
1179.7	99.439
1186.8	99.848
1208.4	100.256
1215.3	100.665
1197.4	101.073
1187	101.482
1193.8	101.891
1156.7	102.299
1140.2	102.708
1144.8	103.116
1142.7	103.525
1109.8	103.933
1138.4	104.342
1115.4	104.751
1126.7	105.159
1103	105.568
1081.3	105.976
1093.8	106.385
1133.7	106.794
1121.1	107.202
1097.3	107.611
1101.2	108.019
1095	108.428
1089.5	108.837
1110.6	109.245
1140.2	109.654
1098.6	110.062
1115.7	110.471
1105.2	110.879
1102.8	111.288
1106.5	111.697
1059.2	112.105
1085.6	112.514
1055.3	112.922
1038.7	113.331
1059.2	113.740
1077.6	114.148
1061	114.557
1069.9	114.965
1077.3	115.374
1062.4	115.783
1046	116.191
1062	116.600
1095	117.008
1092.9	117.417
1052.5	117.825
1055.6	118.234
1074.8	118.643
1076.6	119.051
1059.4	119.460
1034.3	119.868
1019	120.277
1019.1	120.686
1052.6	121.094
1027.1	121.503
1031.3	121.911
1053.7	122.320
1049.1	122.728
1069.6	123.137
1032.3	123.546
1039.4	123.954
1058.4	124.363
1068.1	124.771
1059.5	125.180
1039.1	125.589
1050.5	125.997
1049.8	126.406
1053.9	126.814
1071.3	127.223
1061.2	127.632
1013	128.040
1002.4	128.449
1021.1	128.857
1040	129.266
1036.1	129.674
1034.8	130.083
1034.5	130.492
1025.4	130.900
1029.3	131.309
1002.2	131.717
999.83	132.126
1050.2	132.535
1072.4	132.943
1045.2	133.352
1019.4	133.760
1032.3	134.169
1041.4	134.578
1021.4	134.986
1049.9	135.395
1055.1	135.803
1014.6	136.212
1043.5	136.620
1025.1	137.029
1038.7	137.438
1014.8	137.846
1001.4	138.255
1003.4	138.663
1012	139.072
1039.1	139.481
1017.8	139.889
1038	140.298
1044.1	140.706
1052.1	141.115
1060.2	141.523
1052.3	141.932
1013.2	142.341
999.06	142.749
1021	143.158
1023.8	143.566
1025.8	143.975
1030	144.384
1019.2	144.792
1055.4	145.201
1028.3	145.609
1011.5	146.018
1014.4	146.427
1016.9	146.835
1018.2	147.244
1056.6	147.652
1014.9	148.061
1054.8	148.469
1052.2	148.878
1042.4	149.287
1041.3	149.695
1047.8	150.104
1039.2	150.512
990.43	150.921
1014.2	151.330
1011	151.738
1024.3	152.147
1027.8	152.555
995.42	152.964
1043.1	153.373
1038.3	153.781
1005.9	154.190
1022.4	154.598
1031.4	155.007
1021.6	155.415
1013.6	155.824
975.25	156.233
1016.6	156.641
1033.4	157.050
1000.1	157.458
988.42	157.867
1014.2	158.276
1030.5	158.684
1032.9	159.093
991.22	159.501
1025.3	159.910
1030.9	160.318
1028.7	160.727
1030.6	161.136
1014.6	161.544
1000.9	161.953
1004	162.361
1043	162.770
1036	163.179
1035.7	163.587
1065	163.996
1060.7	164.404
1070.6	164.813
1020.3	165.222
1027.6	165.630
1027.7	166.039
1047.7	166.447
1084.4	166.856
1047.4	167.264
1061.7	167.673
1066.9	168.082
1056.1	168.490
1061.4	168.899
1074.1	169.307
1078.9	169.716
1077.5	170.125
1078.5	170.533
1073.5	170.942
1058.8	171.350
1059.5	171.759
1067	172.168
1065.5	172.576
1054.9	172.985
1074.7	173.393
1077.6	173.802
1072	174.210
1081.7	174.619
1096.6	175.028
1102.3	175.436
1110.2	175.845
1117.1	176.253
1064	176.662
1075.1	177.071
1117.4	177.479
1153.1	177.888
1156.7	178.296
1133	178.705
1092.2	179.113
1103.3	179.522
1109.8	179.931
1136	180.339
1149.9	180.748
1122.1	181.156
1094.1	181.565
1177.7	181.974
1149.8	182.382
1178.1	182.791
1173.9	183.199
1162.1	183.608
1184.5	184.017
1193.2	184.425
1165.9	184.834
1231	185.242
1236.6	185.651
1226.1	186.059
1223.4	186.468
1225	186.877
1194.2	187.285
1264.2	187.694
1247.7	188.102
1250.4	188.511
1278.3	188.920
1291.9	189.328
1278.7	189.737
1307.6	190.145
1308.6	190.554
1343	190.963
1346.2	191.371
1389.3	191.780
1419.2	192.188
1407.7	192.597
1440.3	193.005
1462.1	193.414
1447.3	193.823
1472.8	194.231
1520.8	194.640
1555.4	195.048
1560.1	195.457
1556.3	195.866
1573.6	196.274
1580.5	196.683
1603.8	197.091
1629.8	197.500
1667	197.908
1697.9	198.317
1684.9	198.726
1742.8	199.134
1767.8	199.543
1820.9	199.951
1870.4	200.360
1914.1	200.769
1952.3	201.177
1981.7	201.586
1998.3	201.994
2090.9	202.403
2159.5	202.812
2202.8	203.220
2253.5	203.629
2330.5	204.037
2424.2	204.446
2483.7	204.854
2615.2	205.263
2670.8	205.672
2810.3	206.080
2929	206.489
3035.5	206.897
3194.3	207.306
3383.7	207.715
3562.7	208.123
3740.8	208.532
3946.7	208.940
4167.8	209.349
4454.6	209.758
4814.5	210.166
5112.6	210.575
5384	210.983
5689.7	211.392
6203.2	211.800
6644.6	212.209
6991.7	212.618
7332.4	213.026
7750.2	213.435
8110.7	213.843
8500.6	214.252
8782.8	214.661
9072.9	215.069
9361.4	215.478
9609.1	215.886
9775.3	216.295
9844.8	216.703
10002	217.112
9921	217.521
9757.7	217.929
9509.5	218.338
9284.1	218.746
9168.7	219.155
8885.7	219.564
8358.6	219.972
8073.4	220.381
7748.3	220.789
7361.6	221.198
6960.8	221.607
6599.3	222.015
6272	222.424
5720.4	222.832
5519.6	223.241
5198.5	223.649
4902.6	224.058
4612.6	224.467
4330.5	224.875
4138.2	225.284
3968.4	225.692
3842.5	226.101
3623.4	226.510
3469.8	226.918
3378.1	227.327
3286.6	227.735
3139.7	228.144
2985.4	228.553
2872.2	228.961
2736.3	229.370
2680.5	229.778
2612.3	230.187
2566	230.595
2566.9	231.004
2479.5	231.413
2401.9	231.821
2356.4	232.230
2267.4	232.638
2244.7	233.047
2232.3	233.456
2180.3	233.864
2114.9	234.273
2066.6	234.681
2049.2	235.090
2025.9	235.498
1987.1	235.907
1972.3	236.316
1945.3	236.724
1868.3	237.133
1878.1	237.541
1832.9	237.950
1756.9	238.359
1786.2	238.767
1793.2	239.176
1767.1	239.584
1735.6	239.993
1702.4	240.402
1718.1	240.810
1729.9	241.219
1659.2	241.627
1621.7	242.036
1612.5	242.444
1613.3	242.853
1618.5	243.262
1632.3	243.670
1580.4	244.079
1535.1	244.487
1540.6	244.896
1550.4	245.305
1536.5	245.713
1505.3	246.122
1500.5	246.530
1582.9	246.939
1492.3	247.348
1505.6	247.756
1489.7	248.165
1452	248.573
1436.7	248.982
1461.5	249.390
1424.1	249.799
1407.5	250.208
1435	250.616
1425.2	251.025
1388.8	251.433
1364.9	251.842
1370.6	252.251
1366.1	252.659
1373.7	253.068
1362.2	253.476
1298.9	253.885
1320.9	254.293
1347.9	254.702
1331.4	255.111
1303.7	255.519
1302.3	255.928
1326.9	256.336
1352.6	256.745
1325	257.154
1315.4	257.562
1331.9	257.971
1337.6	258.379
1293.7	258.788
1312.5	259.197
1325.2	259.605
1291.2	260.014
1271.4	260.422
1289.1	260.831
1330.1	261.239
1355	261.648
1327	262.057
1312.4	262.465
1324.9	262.874
1368.3	263.282
1343	263.691
1303.2	264.100
1292.5	264.508
1274.6	264.917
1266	265.325
1311.8	265.734
1301.1	266.143
1295.3	266.551
1291.2	266.960
1279.7	267.368
1262.1	267.777
1260.5	268.185
1330.2	268.594
1290.9	269.003
1297.5	269.411
1321.6	269.820
1328.9	270.228
1326.1	270.637
1336.1	271.046
1304.7	271.454
1348.5	271.863
1315.7	272.271
1307.5	272.680
1281.9	273.089
1264.8	273.497
1283.7	273.906
1324.9	274.314
1338.4	274.723
1305.8	275.131
1342.4	275.540
1350.9	275.949
1337.6	276.357
1341.8	276.766
1375.5	277.174
1379	277.583
1307.8	277.992
1354.9	278.400
1327.5	278.809
1323.6	279.217
1336.1	279.626
1352.3	280.034
1378.8	280.443
1438.9	280.852
1429.5	281.260
1369.5	281.669
1444.7	282.077
1446.5	282.486
1425.4	282.895
1453.9	283.303
1506	283.712
1420.6	284.120
1505	284.529
1478.2	284.938
1491.9	285.346
1492.3	285.755
1488.1	286.163
1510.5	286.572
1562.2	286.980
1542.6	287.389
1608.8	287.798
1582.5	288.206
1574	288.615
1618.6	289.023
1675.2	289.432
1704.1	289.841
1723.2	290.249
1655	290.658
1722.7	291.066
1736.7	291.475
1758.4	291.884
1792.2	292.292
1807.9	292.701
1809.8	293.109
1884.5	293.518
1866.3	293.926
1988.3	294.335
1997.2	294.744
2032.1	295.152
2078.1	295.561
2117	295.969
2149.9	296.378
2180.8	296.787
2242.8	297.195
2284.7	297.604
2411.7	298.012
2441.7	298.421
2499	298.829
2602.3	299.238
2664.8	299.647
2726.4	300.055
2849.6	300.464
2926.7	300.872
2998.6	301.281
3117.3	301.690
3281.9	302.098
3421.4	302.507
3497.6	302.915
3701.4	303.324
3930.8	303.733
4116.8	304.141
4326.4	304.550
4497.5	304.958
4763.8	305.367
5127.2	305.775
5456.8	306.184
5780.9	306.593
6190.6	307.001
6490.9	307.410
6875	307.818
7299.4	308.227
7603.8	308.636
7900.6	309.044
8420.7	309.453
8839.8	309.861
9286.8	310.270
9649.2	310.679
9991.4	311.087
10189	311.496
10320	311.904
10475	312.313
10646	312.721
10710	313.130
10860	313.539
10647	313.947
10568	314.356
10479	314.764
10279	315.173
9981	315.582
9677.3	315.990
9399.7	316.399
8927.7	316.807
8530.1	317.216
8138	317.624
7633.6	318.033
7086.2	318.442
6587.6	318.850
6169.8	319.259
5778.7	319.667
5336.6	320.076
4946.9	320.485
4607.4	320.893
4318.3	321.302
4070.4	321.710
3855.7	322.119
3651.4	322.528
3404.2	322.936
3257.3	323.345
3101	323.753
2967.2	324.162
2881.2	324.570
2788.2	324.979
2682.8	325.388
2584.9	325.796
2483.6	326.205
2464.9	326.613
2287	327.022
2279	327.431
2218.4	327.839
2154.6	328.248
2098.8	328.656
2057.7	329.065
2072.9	329.474
2010.5	329.882
1982.4	330.291
1930.5	330.699
1871.7	331.108
1822.5	331.516
1793	331.925
1790.5	332.334
1797.6	332.742
1680.4	333.151
1716.6	333.559
1709.4	333.968
1634.8	334.377
1628.2	334.785
1622.2	335.194
1598.7	335.602
1624.8	336.011
1618.1	336.419
1546.9	336.828
1496.4	337.237
1477.5	337.645
1491.3	338.054
1487.6	338.462
1462.9	338.871
1448.1	339.280
1440	339.688
1432.5	340.097
1427	340.505
1357.1	340.914
1385.1	341.323
1410	341.731
1393.1	342.140
1364.8	342.548
1357.2	342.957
1389.3	343.365
1343.3	343.774
1311.6	344.183
1292.5	344.591
1289.1	345.000
1297.3	345.408
1308.1	345.817
1316.6	346.226
1337.2	346.634
1339.9	347.043
1283	347.451
1284.3	347.860
1270.5	348.269
1247.9	348.677
1236.4	349.086
1229.8	349.494
1193.7	349.903
1214.7	350.311
1264	350.720
1227.3	351.129
1212.4	351.537
1211.5	351.946
1235.3	352.354
1254.7	352.763
1204.9	353.172
1281.4	353.580
1173.7	353.989
1208.9	354.397
1194.2	354.806
1189.8	355.214
1198.3	355.623
1198.3	356.032
1186.3	356.440
1195.5	356.849
1134	357.257
1165.7	357.666
1189	358.075
1194.6	358.483
1199.6	358.892
1183.9	359.300
1146.4	359.709
1144.6	360.118
1139.9	360.526
1174.8	360.935
1152.9	361.343
1183.6	361.752
1177.6	362.160
1172.7	362.569
1180.8	362.978
1158.8	363.386
1142.3	363.795
1084.1	364.203
1137.2	364.612
1152.8	365.021
1122.4	365.429
1131.6	365.838
1155.5	366.246
1147.4	366.655
1145.5	367.064
1121.8	367.472
1151	367.881
1128.3	368.289
1136.2	368.698
1135.9	369.106
1127.2	369.515
1126.5	369.924
1135.3	370.332
1120.3	370.741
1078.2	371.149
1082.4	371.558
1114.7	371.967
1090.1	372.375
1107	372.784
1125.2	373.192
1108	373.601
1118.9	374.009
1121.3	374.418
1119.6	374.827
1137.3	375.235
1121.2	375.644
1097.3	376.052
1094.2	376.461
1097.9	376.870
1093.5	377.278
1113.2	377.687
1115.7	378.095
1137.8	378.504
1132.3	378.913
1110.1	379.321
1104.5	379.730
1092.3	380.138
1088.4	380.547
1122.8	380.955
1117.2	381.364
1136.8	381.773
1110.9	382.181
1115.5	382.590
1102.4	382.998
1100.6	383.407
1094.9	383.816
1095.5	384.224
1137.8	384.633
1103.3	385.041
1146.3	385.450
1120.6	385.859
1106.5	386.267
1126.9	386.676
1133.8	387.084
1114.2	387.493
1078.9	387.901
1044.4	388.310
1139.8	388.719
1143.4	389.127
1134.4	389.536
1127.1	389.944
1107.5	390.353
1097.1	390.762
1109.2	391.170
1130.8	391.579
1128.9	391.987
1064.2	392.396
1130.7	392.804
1096.6	393.213
1106.1	393.622
1103	394.030
1102	394.439
1120.5	394.847
1138.6	395.256
1123.5	395.665
1150	396.073
1101.6	396.482
1095.8	396.890
1111.7	397.299
1112.3	397.708
1096.9	398.116
1082	398.525
1092.5	398.933
1157.3	399.342
1135.6	399.750
1121.7	400.159
1127.1	400.568
1128.1	400.976
1156.3	401.385
1139.5	401.793
1090.5	402.202
1105.3	402.611
1117.8	403.019
1087.4	403.428
1085.1	403.836
1121	404.245
1117.2	404.654
1108.9	405.062
1114.5	405.471
1119.8	405.879
1119.9	406.288
1169.2	406.696
1119.2	407.105
1178.2	407.514
1160.7	407.922
1166.3	408.331
1149.6	408.739
1134.9	409.148
1142.7	409.557
1149.8	409.965
1152.5	410.374
1132.3	410.782
1191.6	411.191
1153.1	411.599
1158	412.008
1177.3	412.417
1169.8	412.825
1140.2	413.234
1131.6	413.642
1162.4	414.051
1164.1	414.460
1185	414.868
1140.4	415.277
1143.1	415.685
1168.9	416.094
1175.5	416.503
1145.4	416.911
1114.3	417.320
1157.5	417.728
1167.5	418.137
1165.1	418.545
1203.9	418.954
1213.5	419.363
1214.1	419.771
1194.3	420.180
1191.2	420.588
1239.6	420.997
1267.3	421.406
1269.8	421.814
1253.5	422.223
1264.3	422.631
1250.4	423.040
1251.2	423.449
1290.1	423.857
1344.2	424.266
1378.9	424.674
1390.7	425.083
1375.7	425.491
1397.1	425.900
1490.5	426.309
1511.8	426.717
1579.3	427.126
1634.6	427.534
1650.7	427.943
1681.9	428.352
1761	428.760
1710.8	429.169
1810.3	429.577
1847.4	429.986
1852.9	430.394
1956	430.803
2030.6	431.212
2063	431.620
2075.4	432.029
2069	432.437
2109.2	432.846
2034.5	433.255
2134.4	433.663
2165.2	434.072
2205.6	434.480
2200.1	434.889
2237.2	435.298
2287.6	435.706
2261.8	436.115
2252.4	436.523
2298.4	436.932
2403.6	437.340
2436.6	437.749
2468.3	438.158
2546	438.566
2594.9	438.975
2671.2	439.383
2796	439.792
2863.5	440.201
3032.2	440.609
3082	441.018
3189.4	441.426
3304.9	441.835
3426	442.244
3497.9	442.652
3652.2	443.061
3889.8	443.469
4062.8	443.878
4218.4	444.286
4455.8	444.695
4504.3	445.104
4721.5	445.512
4913	445.921
5044.5	446.329
5147.3	446.738
5330.9	447.147
5633.7	447.555
5919.5	447.964
6071.7	448.372
6322.2	448.781
6564.1	449.189
6776.1	449.598
7097.6	450.007
7224.1	450.415
7386.7	450.824
7680	451.232
7984.1	451.641
8602.2	452.050
8904.1	452.458
9478.6	452.867
9716.8	453.275
10120	453.684
10459	454.093
11018	454.501
11773	454.910
12493	455.318
13198	455.727
14156	456.135
14683	456.544
15363	456.953
15774	457.361
16077	457.770
16495	458.178
17111	458.587
17560	458.996
17547	459.404
17499	459.813
17501	460.221
17172	460.630
16770	461.039
16129	461.447
15424	461.856
14780	462.264
14022	462.673
13000	463.081
11911	463.490
11183	463.899
10298	464.307
9343.7	464.716
8355.1	465.124
7418.6	465.533
6656.6	465.942
5919.7	466.350
5292.5	466.759
4874	467.167
4539.7	467.576
4324.1	467.985
4174	468.393
4045.9	468.802
3879.4	469.210
3807.8	469.619
3784	470.027
3783.2	470.436
3752.3	470.845
3670.6	471.253
3613.7	471.662
3607.9	472.070
3450.9	472.479
3345.9	472.888
3339.9	473.296
3243.3	473.705
3200.8	474.113
3101.4	474.522
3014.5	474.930
3038.6	475.339
2919.2	475.748
2779.6	476.156
2843.6	476.565
2689.1	476.973
2657.4	477.382
2643.2	477.791
2566.4	478.199
2517.4	478.608
2461.2	479.016
2336.8	479.425
2338.9	479.834
2353.6	480.242
2250	480.651
2201.1	481.059
2127.1	481.468
2013.5	481.876
1990.8	482.285
1993.4	482.694
1945.5	483.102
1895.4	483.511
1903.6	483.919
1826.1	484.328
1755.5	484.737
1760.4	485.145
1732.2	485.554
1655.3	485.962
1639.4	486.371
1642.8	486.780
1571.5	487.188
1476.8	487.597
1535.6	488.005
1508.4	488.414
1464.8	488.822
1445.4	489.231
1387.8	489.640
1406.2	490.048
1378.8	490.457
1355	490.865
1365.9	491.274
1362	491.683
1340.3	492.091
1304.8	492.500
1289	492.908
1293.2	493.317
1286.5	493.725
1284.8	494.134
1272.2	494.543
1241	494.951
1235.4	495.360
1266.6	495.768
1258.1	496.177
1232	496.586
1230.4	496.994
1224.6	497.403
1277	497.811
1269	498.220
1228.5	498.629
1220.4	499.037
1233.9	499.446
1227.7	499.854
1208.5	500.263
1204.7	500.671
1265.5	501.080
1238.8	501.489
1234.6	501.897
1242.9	502.306
1224.7	502.714
1206	503.123
1197.4	503.532
1197.5	503.940
1200.3	504.349
1175.5	504.757
1139	505.166
1205.3	505.575
1206.8	505.983
1259.6	506.392
1217.3	506.800
4061.5	507.209
6565.8	507.617
4909.5	508.026
1204.4	508.435
1171	508.843
1248.8	509.252
1241	509.660
1216.1	510.069
1222.2	510.478
1208	510.886
1171.5	511.295
1184	511.703
1207.3	512.112
1184.1	512.520
1162.6	512.929
1172.3	513.338
1163.2	513.746
1233.5	514.155
1151.2	514.563
1167	514.972
1182.1	515.381
1173.4	515.789
1162.8	516.198
1188	516.606
1239.3	517.015
1235.7	517.424
1201	517.832
1196.6	518.241
1216.7	518.649
1177.2	519.058
1204.6	519.466
1199.3	519.875
1188.4	520.284
1213.1	520.692
1242	521.101
1221	521.509
1185.7	521.918
1216.4	522.327
1185.5	522.735
1153.9	523.144
1199.3	523.552
1191.6	523.961
1191.9	524.370
1186.4	524.778
1192.6	525.187
1214.3	525.595
1162.2	526.004
1184.8	526.412
1187.4	526.821
1232	527.230
1160	527.638
1222.9	528.047
1254.3	528.455
1207.5	528.864
1171.3	529.273
1176	529.681
1174.6	530.090
1205.1	530.498
1216.4	530.907
1221	531.315
1191.1	531.724
1175.2	532.133
1180.6	532.541
1180.8	532.950
1154.8	533.358
1165.5	533.767
1204.4	534.176
1183.3	534.584
1196.3	534.993
1188.2	535.401
1169.2	535.810
1184.8	536.219
1186.6	536.627
1193	537.036
1203.4	537.444
1182.8	537.853
1175.9	538.261
1201.2	538.670
1190.2	539.079
1204.1	539.487
1210.9	539.896
1202	540.304
1226.9	540.713
1194.5	541.122
1197.3	541.530
1176	541.939
1181.8	542.347
1215.3	542.756
1226.6	543.165
1223	543.573
1199.3	543.982
1182.7	544.390
1225.6	544.799
1158.3	545.207
1180.6	545.616
1182.5	546.025
1185.3	546.433
1180.7	546.842
1178.7	547.250
1205.3	547.659
1234.1	548.068
1196.4	548.476
1189	548.885
1177.4	549.293
1253.2	549.702
1247.2	550.110
1236.1	550.519
1195.5	550.928
1161.4	551.336
1171.3	551.745
1202	552.153
1206.9	552.562
1201.3	552.971
1189.9	553.379
1196.3	553.788
1159.6	554.196
1212.4	554.605
1190.8	555.014
1167.4	555.422
1188.4	555.831
1192.1	556.239
1173.8	556.648
1200	557.056
1189.5	557.465
1202.4	557.874
1242.8	558.282
1210.1	558.691
1218.6	559.099
1215.2	559.508
1202.7	559.917
1224.8	560.325
1217.2	560.734
1170.7	561.142
1165.4	561.551
1178	561.960
1195.1	562.368
1192.6	562.777
1160.7	563.185
1218.9	563.594
1165.9	564.002
1220.7	564.411
1200	564.820
1161.1	565.228
1171.5	565.637
1194	566.045
1237.3	566.454
1205.4	566.863
1217.2	567.271
1169.6	567.680
1247	568.088
1236.4	568.497
1202.5	568.905
1226.6	569.314
1233	569.723
1219	570.131
1217.3	570.540
1195.8	570.948
1171.4	571.357
1209.4	571.766
1223.7	572.174
1192.1	572.583
1199.3	572.991
1195.6	573.400
1184.9	573.809
1203.6	574.217
1218.1	574.626
1223.4	575.034
1227.6	575.443
1194.6	575.851
1209.9	576.260
1270.3	576.669
1175.4	577.077
1209.7	577.486
1187.5	577.894
1191.4	578.303
1177.2	578.712
1169.9	579.120
1188	579.529
1208.2	579.937
1211.6	580.346
1207.5	580.755
1168.4	581.163
1194.5	581.572
1213.8	581.980
1230.6	582.389
1219.7	582.797
1205.3	583.206
1222.9	583.615
1238.4	584.023
1217.5	584.432
1179.9	584.840
1171.9	585.249
1207.6	585.658
1255.4	586.066
1211.9	586.475
1215.4	586.883
1265.2	587.292
1236.5	587.700
1222.3	588.109
1171.1	588.518
1178.5	588.926
1215.6	589.335
1196.1	589.743
1209	590.152
1240.4	590.561
1226.3	590.969
1212.9	591.378
1196	591.786
1139.8	592.195
1224.7	592.604
1252.2	593.012
1227	593.421
1209.7	593.829
1213.9	594.238
1214.3	594.646
1200.4	595.055
1215.4	595.464
1261.5	595.872
1268	596.281
1231.7	596.689
1225.7	597.098
1218.3	597.507
1211.9	597.915
1224.6	598.324
1232.9	598.732
1234.7	599.141
1233.8	599.550
1214	599.958
1234.5	600.367
1239.6	600.775
1288.3	601.184
1254.2	601.592
1216.3	602.001
1235.1	602.410
1230.3	602.818
1225.6	603.227
1229.9	603.635
1241.9	604.044
1234.8	604.453
1190.3	604.861
1212.4	605.270
1260	605.678
1240.6	606.087
1215.5	606.495
1236.2	606.904
1218.1	607.313
1247.2	607.721
1258	608.130
1240.1	608.538
1229.9	608.947
1232.2	609.356
1232.1	609.764
1248.2	610.173
1239.4	610.581
1234.3	610.990
1252.3	611.399
1224.3	611.807
1282.3	612.216
1219.1	612.624
1207.5	613.033
1220.1	613.441
1223.4	613.850
1225.9	614.259
1230.1	614.667
1242.3	615.076
1215.5	615.484
1237.7	615.893
1205	616.302
1228	616.710
1248.5	617.119
1261.8	617.527
1249.9	617.936
1236.9	618.345
1217.4	618.753
1210.2	619.162
1227.8	619.570
1236.7	619.979
1236.5	620.387
1225.4	620.796
1290.7	621.205
1274.7	621.613
1223.9	622.022
1234.9	622.430
1243.4	622.839
1276.7	623.248
1276.4	623.656
1260.4	624.065
1257.2	624.473
1254.3	624.882
1253	625.290
1217.1	625.699
1254.2	626.108
1228.2	626.516
1250.8	626.925
1257.1	627.333
1297.7	627.742
1297.7	628.151
1250.8	628.559
1230.8	628.968
1238.8	629.376
1250.1	629.785
1271	630.194
1268.8	630.602
1240.5	631.011
1252.4	631.419
1269.9	631.828
1295.5	632.236
1276.8	632.645
1262.5	633.054
1256.1	633.462
1266.5	633.871
1260.2	634.279
1225.1	634.688
1199.8	635.097
1223.5	635.505
1268.2	635.914
1262.8	636.322
1238.9	636.731
1257.6	637.140
1273.1	637.548
1269.4	637.957
1251.6	638.365
1239	638.774
1214.7	639.182
1230.8	639.591
1255	640.000
1256.3	640.408
1230.8	640.817
1217.1	641.225
1223	641.634
1243.4	642.043
1235.8	642.451
1289.6	642.860
1253.8	643.268
1255.6	643.677
1261.3	644.085
1214.8	644.494
1221	644.903
1274.1	645.311
1297.1	645.720
1282.5	646.128
1259.8	646.537
1241	646.946
1291.9	647.354
1268.6	647.763
1275	648.171
1249.6	648.580
1255.3	648.989
1227.7	649.397
1265.2	649.806
1274.1	650.214
1253.6	650.623
1224.2	651.031
1194.6	651.440
1219.7	651.849
1261.5	652.257
1255.7	652.666
1251.3	653.074
1213.7	653.483
1236.6	653.892
1215.6	654.300
1252	654.709
1279.8	655.117
1274.8	655.526
1270.1	655.935
1258	656.343
1222.4	656.752
1260.8	657.160
1247.7	657.569
1295.4	657.977
1262.1	658.386
1233.3	658.795
1265.9	659.203
1272.5	659.612
1268.3	660.020
1268	660.429
1271.9	660.838
1290.5	661.246
1309	661.655
1265.3	662.063
1268	662.472
1280.8	662.880
1271.7	663.289
1304.3	663.698
1313.4	664.106
1295.2	664.515
1248.1	664.923
1250.7	665.332
1257	665.741
1238.4	666.149
1308.6	666.558
1291.4	666.966
1287.5	667.375
1258	667.784
1249.5	668.192
1242.8	668.601
1283.3	669.009
1298.7	669.418
1281.7	669.826
1256	670.235
1270.5	670.644
1286.2	671.052
1254.8	671.461
1323.1	671.869
1198	672.278
1286.6	672.687
1257.6	673.095
1226.8	673.504
1244.8	673.912
1272.8	674.321
1290.8	674.730
1304.4	675.138
1301.7	675.547
1273.7	675.955
1245	676.364
1241.1	676.772
1240.7	677.181
1304.2	677.590
1239.3	677.998
1270.8	678.407
1280.1	678.815
1262	679.224
1259.7	679.633
1265.5	680.041
1281.5	680.450
1306.9	680.858
1322.6	681.267
1291.4	681.676
1191.9	682.084
1256.3	682.493
1275	682.901
1233.8	683.310
1281.3	683.718
1294.8	684.127
1279.2	684.536
1280.1	684.944
1289.5	685.353
1300.3	685.761
1304.9	686.170
1286	686.579
1271.1	686.987
1325.7	687.396
1290.9	687.804
1313.9	688.213
1291	688.621
1279.1	689.030
1280	689.439
1287.2	689.847
1290.3	690.256
1290.4	690.664
1283.7	691.073
1278.9	691.482
1295.4	691.890
1312.3	692.299
1296.2	692.707
1316.8	693.116
1293.1	693.525
1299.7	693.933
1295.9	694.342
1342.6	694.750
1344.6	695.159
1304.7	695.567
1281.4	695.976
1295.8	696.385
1293.5	696.793
1254.7	697.202
1289.4	697.610
1313.5	698.019
1265.3	698.428
1319.8	698.836
1299.3	699.245
1285.7	699.653
1294.7	700.062
1289.4	700.471
1300	700.879
1315.2	701.288
1312.4	701.696
1328.3	702.105
1377.8	702.513
1352.9	702.922
1303.7	703.331
1346.8	703.739
1300.4	704.148
1313.3	704.556
1312.5	704.965
1339.4	705.374
1333.3	705.782
1320.4	706.191
1334.7	706.599
1349.7	707.008
1346.4	707.416
1347.5	707.825
1339.7	708.234
1334.5	708.642
1370	709.051
1297.3	709.459
1389.3	709.868
1368.6	710.277
1358.3	710.685
1356.8	711.094
1364	711.502
1349	711.911
1336.3	712.320
1351.4	712.728
1365.9	713.137
1361.8	713.545
1331.6	713.954
1348.5	714.362
1385.4	714.771
1363.5	715.180
1402.6	715.588
1384	715.997
1338.8	716.405
1352	716.814
1373.9	717.223
1382.5	717.631
1377.2	718.040
1376.5	718.448
1410	718.857
1404.2	719.266
1429.9	719.674
1402.4	720.083
1451.9	720.491
1414.7	720.900
1444	721.308
1427.3	721.717
1440	722.126
1476.5	722.534
1479.6	722.943
1439.9	723.351
1422	723.760
1438.9	724.169
1415.9	724.577
1437	724.986
1439.9	725.394
1489	725.803
1484.7	726.211
1496	726.620
1520	727.029
1495.3	727.437
1512.8	727.846
1499.5	728.254
1498.1	728.663
1507.6	729.072
1498	729.480
1509.4	729.889
1515.9	730.297
1579.6	730.706
1549.3	731.115
1533.1	731.523
1634.2	731.932
1554.6	732.340
1613.8	732.749
1632.2	733.157
1620.8	733.566
1632.7	733.975
1655.6	734.383
1655.8	734.792
1660.4	735.200
1699	735.609
1716.3	736.018
1762.7	736.426
1744	736.835
1728.7	737.243
1791.2	737.652
1752.1	738.061
1782.6	738.469
1829	738.878
1860.3	739.286
1842.5	739.695
1865.1	740.103
1916.6	740.512
1935.9	740.921
1962.2	741.329
1979.7	741.738
2001.6	742.146
2028.6	742.555
2132.1	742.964
2152.7	743.372
2134.9	743.781
2143.8	744.189
2169.7	744.598
2155.8	745.006
2159.2	745.415
2258.9	745.824
2330.9	746.232
2335.6	746.641
2355.4	747.049
2332.3	747.458
2464.3	747.867
2454.7	748.275
2480.3	748.684
2558.3	749.092
2539.5	749.501
2563.3	749.910
2690.3	750.318
2698.1	750.727
2697.4	751.135
2719.9	751.544
2730	751.952
2760.1	752.361
2839.1	752.770
2896.7	753.178
2892.3	753.587
2927.2	753.995
2948.7	754.404
2959.9	754.813
2958.3	755.221
2978	755.630
2904.6	756.038
2984.1	756.447
3012	756.856
3063.2	757.264
3059.6	757.673
3031	758.081
3066.5	758.490
3067.4	758.898
2984.6	759.307
2973.4	759.716
3002.7	760.124
3038.8	760.533
2908.8	760.941
3018.4	761.350
2925	761.759
2942.2	762.167
2944.9	762.576
2937.7	762.984
2863.3	763.393
2852.3	763.801
2891.5	764.210
2834.6	764.619
2761.1	765.027
2787.5	765.436
2703.6	765.844
2748.5	766.253
2767.8	766.662
2708.4	767.070
2616.7	767.479
2677.6	767.887
2602	768.296
2596.3	768.705
2637.9	769.113
2590.8	769.522
2511.9	769.930
2505.8	770.339
2560.1	770.747
2601.9	771.156
2610.8	771.565
2625.9	771.973
2505.2	772.382
2614.8	772.790
2635.4	773.199
2613.6	773.608
2604.2	774.016
2648.8	774.425
2651.5	774.833
2671.3	775.242
2690.9	775.651
2690.6	776.059
2644.9	776.468
2643.7	776.876
2740.6	777.285
2778.9	777.693
2751.8	778.102
2699.6	778.511
2809.6	778.919
2722.3	779.328
2865.4	779.736
2837.7	780.145
2855.9	780.554
2832.8	780.962
2879.3	781.371
2925.6	781.779
2932.1	782.188
2945.1	782.596
2961	783.005
2936	783.414
2936.2	783.822
3033.1	784.231
3023	784.639
2954.5	785.048
3012.9	785.457
3048.4	785.865
3031.8	786.274
3004.8	786.682
2989.1	787.091
2961.5	787.500
3002	787.908
2970.2	788.317
2961.3	788.725
2967.8	789.134
2959.4	789.542
2936.2	789.951
2872.7	790.360
2911	790.768
2877.3	791.177
2805.6	791.585
2766.6	791.994
2855.8	792.403
2761.3	792.811
2689	793.220
2686.6	793.628
2761.1	794.037
2722.1	794.446
2684.3	794.854
2636	795.263
2536.6	795.671
2478.4	796.080
2506.7	796.488
2521.6	796.897
2494.1	797.306
2493.6	797.714
2457.2	798.123
2336.5	798.531
2395.2	798.940
2379.4	799.349
2257.4	799.757
2272.9	800.166
2199.6	800.574
2159.1	800.983
2174.5	801.391
2136.5	801.800
2068	802.209
2074.9	802.617
2104.8	803.026
2068.8	803.434
2041.1	803.843
1979.8	804.252
1972.1	804.660
1963.6	805.069
1913	805.477
1908.6	805.886
1929.9	806.295
1918	806.703
1874.4	807.112
1864.3	807.520
1868.6	807.929
1819.8	808.337
1778.9	808.746
1811	809.155
1834.4	809.563
1807.3	809.972
1805.2	810.380
1780.5	810.789
1759.8	811.198
1716.4	811.606
1726.5	812.015
1752.5	812.423
1702.4	812.832
1669.1	813.241
1699.7	813.649
1708.3	814.058
1650	814.466
1640.3	814.875
1614.6	815.283
1584.9	815.692
1614.1	816.101
1635.8	816.509
1591.2	816.918
1573	817.326
1600.5	817.735
1578.8	818.144
1581.7	818.552
1567.3	818.961
1583.2	819.369
1631	819.778
1564.2	820.186
1533.4	820.595
1529.7	821.004
1536.7	821.412
1514.5	821.821
1556.4	822.229
1591.9	822.638
1583.6	823.047
1548	823.455
1501.3	823.864
1511.8	824.272
1560.2	824.681
1576	825.090
1517	825.498
1527.8	825.907
1560.5	826.315
1520	826.724
1456	827.132
1488.5	827.541
1488.9	827.950
1480.5	828.358
1458.4	828.767
1447.3	829.175
1452.1	829.584
1462.8	829.993
1470.8	830.401
1466.9	830.810
1457.7	831.218
1473.6	831.627
1496.7	832.036
1432.6	832.444
1511	832.853
1485.4	833.261
1464.3	833.670
1450.8	834.078
1468.2	834.487
1438.4	834.896
1461.4	835.304
1450.3	835.713
1423.7	836.121
1434.6	836.530
1458.9	836.939
1456.4	837.347
1438.8	837.756
1434.9	838.164
1433.2	838.573
1410.1	838.981
1396.5	839.390
1414.7	839.799
1417.5	840.207
1447.7	840.616
1474.6	841.024
1369.7	841.433
1449.3	841.842
1457.1	842.250
1425.6	842.659
1400.7	843.067
1417.9	843.476
1419.6	843.885
1449.6	844.293
1442	844.702
1412.2	845.110
1431.3	845.519
1426.9	845.927
1394.6	846.336
1431.8	846.745
1391.1	847.153
1372.9	847.562
1418.2	847.970
1393.1	848.379
1402.6	848.788
1439.1	849.196
1423.4	849.605
1399.1	850.013
1421.4	850.422
1351.6	850.831
1388.1	851.239
1418	851.648
1421.1	852.056
1419.4	852.465
1412.1	852.873
1405.8	853.282
1392.8	853.691
1397.9	854.099
1421.9	854.508
1432.6	854.916
1361.6	855.325
1429.3	855.734
1373.2	856.142
1357.4	856.551
1393.5	856.959
1404.5	857.368
1406.6	857.776
1414.1	858.185
1395.5	858.594
1459.4	859.002
1444.1	859.411
1405.5	859.819
1390.4	860.228
1370.5	860.637
1371.2	861.045
1402.1	861.454
1422.2	861.862
1388.2	862.271
1352.4	862.680
1356.3	863.088
1403	863.497
1383.5	863.905
1377.9	864.314
1417.8	864.722
1454	865.131
1372.1	865.540
1412.8	865.948
1451.6	866.357
1423.1	866.765
1382.1	867.174
1360	867.583
1376	867.991
1403.6	868.400
1405.8	868.808
1399.9	869.217
1400.6	869.626
1393.8	870.034
1386.8	870.443
1336.3	870.851
1343.6	871.260
1379.1	871.668
1386.4	872.077
1379.8	872.486
1413.2	872.894
1389.7	873.303
1366.8	873.711
1376.6	874.120
1385.2	874.529
1387.7	874.937
1381.5	875.346
1392.6	875.754
1393.9	876.163
1407.8	876.572
1424.5	876.980
1416.7	877.389
1416.7	877.797
1403.6	878.206
1392.7	878.614
1388.2	879.023
1377.7	879.432
1461.2	879.840
1430.8	880.249
1357	880.657
1306.5	881.066
1338.8	881.475
1393.9	881.883
1418.4	882.292
1387.3	882.700
1418.7	883.109
1370.8	883.517
1386.7	883.926
1423.7	884.335
1417.2	884.743
1388.1	885.152
1379.2	885.560
1391.1	885.969
1396.8	886.378
1428.9	886.786
1409.8	887.195
1390.1	887.603
1402.1	888.012
1410.3	888.421
1355.8	888.829
1411.4	889.238
1393.1	889.646
1424.8	890.055
1377.5	890.463
1358.1	890.872
1354.9	891.281
1401.4	891.689
1415.9	892.098
1411.1	892.506
1386.5	892.915
1396.4	893.324
1428.3	893.732
1397.7	894.141
1354.5	894.549
1385.2	894.958
1416.7	895.367
1408	895.775
1400	896.184
1421.5	896.592
1415.3	897.001
1426.5	897.409
1423	897.818
1422.1	898.227
1399.6	898.635
1403.6	899.044
1413.2	899.452
1442.5	899.861
1416.1	900.270
1410.9	900.678
1363.4	901.087
1366.1	901.495
1377.3	901.904
1378.4	902.312
1399	902.721
1408.7	903.130
1376.3	903.538
1354.7	903.947
1367.6	904.355
1328.2	904.764
1376.3	905.173
1440.6	905.581
1386.5	905.990
1442.9	906.398
2670.2	906.807
10141	907.216
6611.1	907.624
4100.2	908.033
4669.9	908.441
2002.2	908.850
1441.4	909.258
1406.2	909.667
1381.1	910.076
1386.5	910.484
1416.8	910.893
1401.8	911.301
1380	911.710
1396.6	912.119
1417.2	912.527
1429.6	912.936
1428.6	913.344
1426.9	913.753
1445	914.162
1387.8	914.570
1419.2	914.979
1820	915.387
5099	915.796
5071.2	916.204
6375.5	916.613
4885.3	917.022
6554.1	917.430
25505	917.839
10326	918.247
2505.3	918.656
1390.6	919.065
1407.9	919.473
1409.5	919.882
1394.2	920.290
1439.4	920.699
1445.1	921.107
1437.8	921.516
1456.3	921.925
1431.8	922.333
1401.4	922.742
1385.1	923.150
1391.1	923.559
1427	923.968
1464.9	924.376
1422	924.785
1483	925.193
1469.7	925.602
1445.8	926.011
1395.4	926.419
1480.5	926.828
1424.6	927.236
1408.7	927.645
1440.2	928.053
1418.5	928.462
1443.8	928.871
1409	929.279
1416	929.688
1448.1	930.096
1427.2	930.505
1419.7	930.914
1415.8	931.322
1409.1	931.731
1406.1	932.139
1400.1	932.548
1413.3	932.957
1410.5	933.365
1459.8	933.774
1430.8	934.182
1434.4	934.591
1468.7	934.999
1448.7	935.408
1429.7	935.817
1395.9	936.225
1459.3	936.634
1505.6	937.042
1410.3	937.451
1422.2	937.860
1395.3	938.268
1387.3	938.677
1435.7	939.085
1482.4	939.494
1447.2	939.902
1460.7	940.311
1451.6	940.720
1433.7	941.128
1426.6	941.537
1441.6	941.945
1442.7	942.354
1420.7	942.763
1428	943.171
1418.2	943.580
1441	943.988
1465.6	944.397
1429.2	944.806
1424.2	945.214
1431.2	945.623
1463.1	946.031
1382.8	946.440
1427.1	946.848
1393.6	947.257
1476.2	947.666
1424.3	948.074
1443.7	948.483
1472.2	948.891
1438.8	949.300
1442.4	949.709
1414.6	950.117
1414.4	950.526
1410.1	950.934
1420.6	951.343
1419.2	951.752
1414.8	952.160
1427.1	952.569
1413.7	952.977
1383.7	953.386
1389.2	953.794
1432.7	954.203
1464.5	954.612
1428.9	955.020
1434	955.429
1413.1	955.837
1452.3	956.246
1435	956.655
1464.8	957.063
1439.2	957.472
1453.1	957.880
1464.7	958.289
1407.5	958.697
1487.4	959.106
1412.2	959.515
1511.6	959.923
1461.1	960.332
1455.4	960.740
1440.2	961.149
1442.2	961.558
1442.7	961.966
1454	962.375
1448.7	962.783
1416.6	963.192
1429.4	963.601
1441.1	964.009
1445.3	964.418
1430.7	964.826
1426.6	965.235
1473.3	965.643
1437.6	966.052
1459.7	966.461
1458.7	966.869
1445.1	967.278
1449.2	967.686
1436.1	968.095
1481.3	968.504
1523.1	968.912
1480.2	969.321
1433.7	969.729
1427.1	970.138
1458.9	970.547
1478.1	970.955
1452.7	971.364
1422.2	971.772
1417.9	972.181
1418	972.589
1399.1	972.998
1420.4	973.407
1419.5	973.815
1454.4	974.224
1455.1	974.632
1442.2	975.041
1424.8	975.450
1443.7	975.858
1469.8	976.267
1487.2	976.675
1488.9	977.084
1461.8	977.492
1468	977.901
1453.1	978.310
1444.9	978.718
1445.9	979.127
1460.5	979.535
1465.5	979.944
1503.1	980.353
1509.3	980.761
1469.7	981.170
1423	981.578
1494.5	981.987
1530.8	982.396
1464.1	982.804
1470.6	983.213
1434.6	983.621
1443.5	984.030
1455.8	984.438
1452.2	984.847
1480.9	985.256
1437.7	985.664
1484.5	986.073
1456.3	986.481
1463.2	986.890
1450.7	987.299
1415.8	987.707
1423.1	988.116
1488.4	988.524
1511.1	988.933
1475.4	989.342
1480.2	989.750
1488.3	990.159
1450	990.567
1464.8	990.976
1499	991.384
1458.8	991.793
1483.4	992.202
1433.3	992.610
1476.7	993.019
1468.2	993.427
1436.9	993.836
1454.5	994.245
1484.1	994.653
1491.2	995.062
1458.6	995.470
1490.6	995.879
1480.3	996.287
1459.1	996.696
1496	997.105
1424.4	997.513
1512.9	997.922
1451	998.330
1471	998.739
1466.7	999.148
1468.1	999.556
1443	999.965
1473.4	1000.373
1456.3	1000.782
1459.5	1001.191
1478.6	1001.599
1477.7	1002.008
1495.2	1002.416
1500.8	1002.825
1495.8	1003.233
1485.7	1003.642
1468.6	1004.051
1485	1004.459
1486.4	1004.868
1475.8	1005.276
1475.4	1005.685
1475.2	1006.094
1490.9	1006.502
1471.7	1006.911
1462.9	1007.319
1517.8	1007.728
1530.7	1008.137
1478.5	1008.545
1504.5	1008.954
1449	1009.362
1466.5	1009.771
1512.8	1010.179
1519.6	1010.588
1504	1010.997
1488	1011.405
1464.2	1011.814
1449.8	1012.222
1521.3	1012.631
1562	1013.040
1450.6	1013.448
1492	1013.857
1477.6	1014.265
1445.7	1014.674
1424.2	1015.082
1436.8	1015.491
1471.5	1015.900
1494.3	1016.308
1490.9	1016.717
1489.7	1017.125
1488.2	1017.534
1469.2	1017.943
1485	1018.351
1500	1018.760
1484.2	1019.168
1492.7	1019.577
1485.9	1019.986
1481.6	1020.394
1475	1020.803
1476.5	1021.211
1513.1	1021.620
1522.9	1022.028
1528.1	1022.437
1520.6	1022.846
1571.1	1023.254
1511.3	1023.663
1492	1024.071
1499.3	1024.480
1485.7	1024.889
1576.5	1025.297
1480.7	1025.706
1450.6	1026.114
1491.7	1026.523
1498.3	1026.932
1475.2	1027.340
1506	1027.749
1494.2	1028.157
1503	1028.566
1489.6	1028.974
1522.6	1029.383
1459.3	1029.792
1454.4	1030.200
1504.4	1030.609
1487.4	1031.017
1455.4	1031.426
1459.3	1031.835
1514	1032.243
1492.1	1032.652
1483	1033.060
1491.1	1033.469
1495.8	1033.877
1513.9	1034.286
1529.3	1034.695
1533.7	1035.103
1513.7	1035.512
1507.4	1035.920
1503.8	1036.329
1478.8	1036.738
1515.1	1037.146
1542.2	1037.555
1517	1037.963
1483.7	1038.372
1496.2	1038.781
1537.8	1039.189
1464.1	1039.598
1493.4	1040.006
1509.1	1040.415
1458.3	1040.823
1472.2	1041.232
1481.2	1041.641
1487.7	1042.049
1532.4	1042.458
1523.8	1042.866
1539.6	1043.275
1503.9	1043.684
1489.5	1044.092
1480.9	1044.501
1471.5	1044.909
1462.9	1045.318
1525	1045.727
1492.3	1046.135
1528.2	1046.544
1484.3	1046.952
1517.6	1047.361
1543	1047.769
1513.9	1048.178
1517.4	1048.587
1522.6	1048.995
1526.5	1049.404
1502.4	1049.812
1539.9	1050.221
1563.8	1050.630
1561.1	1051.038
1540.8	1051.447
1524	1051.855
1486	1052.264
1492.7	1052.672
1534.9	1053.081
1532.8	1053.490
1512.6	1053.898
1506.2	1054.307
1521.8	1054.715
1586.8	1055.124
1609.9	1055.533
1546	1055.941
1524.3	1056.350
1496.6	1056.758
1476.7	1057.167
1486.9	1057.576
1515.3	1057.984
1506.6	1058.393
1496.9	1058.801
1519.3	1059.210
1519.4	1059.618
1508.9	1060.027
1549.3	1060.436
1549.7	1060.844
1571	1061.253
1486.9	1061.661
1511.2	1062.070
1523.6	1062.479
1490.7	1062.887
1531.6	1063.296
1506	1063.704
1500.4	1064.113
1519.1	1064.522
1527.9	1064.930
1515.9	1065.339
1485.8	1065.747
1542.4	1066.156
1545.4	1066.564
1544.4	1066.973
1529	1067.382
1566.3	1067.790
1501.6	1068.199
1495	1068.607
1562.9	1069.016
1567	1069.425
1578.8	1069.833
1576.2	1070.242
1548.6	1070.650
1554.3	1071.059
1532.8	1071.468
1549.1	1071.876
1556.6	1072.285
1527.6	1072.693
1553.7	1073.102
1595	1073.510
1579.2	1073.919
1555.9	1074.328
1549	1074.736
1543.3	1075.145
1554.3	1075.553
1556.8	1075.962
1539	1076.371
1515.5	1076.779
1471	1077.188
1463.1	1077.596
1512.8	1078.005
1525.2	1078.413
1498.6	1078.822
1467.9	1079.231
1473.4	1079.639
1504.4	1080.048
1475.9	1080.456
1524.1	1080.865
1568.2	1081.274
1578.7	1081.682
1583.3	1082.091
1562.9	1082.499
1530.7	1082.908
1550.7	1083.317
1532.2	1083.725
1509.5	1084.134
1509.6	1084.542
1553	1084.951
1601.4	1085.359
1614.9	1085.768
1508.4	1086.177
1530.9	1086.585
1534.6	1086.994
1563.7	1087.402
1604.9	1087.811
1562.9	1088.220
1563.9	1088.628
1540.6	1089.037
1513.3	1089.445
1477.4	1089.854
1554.4	1090.263
1543.9	1090.671
1550.6	1091.080
1528.2	1091.488
1531	1091.897
1508.4	1092.305
1573.8	1092.714
1537.1	1093.123
1545	1093.531
1527.5	1093.940
1565.1	1094.348
1563.1	1094.757
1531.1	1095.166
1540	1095.574
1551.2	1095.983
1501.9	1096.391
1548.1	1096.800
1543.6	1097.208
1549.7	1097.617
1593.6	1098.026
1572.9	1098.434
1551.4	1098.843
1536.1	1099.251
1557.6	1099.660
1535.7	1100.069
1586.7	1100.477
1586.5	1100.886
1570.9	1101.294
1565.7	1101.703
1606.7	1102.112
1600	1102.520
1588	1102.929
1582.5	1103.337
1613.4	1103.746
1616.5	1104.154
1568.1	1104.563
1507.8	1104.972
1515.1	1105.380
1536.4	1105.789
1534.3	1106.197
1514.2	1106.606
1540.3	1107.015
1597.6	1107.423
1604.4	1107.832
1590.3	1108.240
1549.2	1108.649
1519.5	1109.058
1519.5	1109.466
1531.6	1109.875
1524.7	1110.283
1548.4	1110.692
1562.8	1111.100
1523.6	1111.509
1546.5	1111.918
1550.5	1112.326
1542	1112.735
1485.2	1113.143
1533.6	1113.552
1578.3	1113.961
1554.6	1114.369
1508.3	1114.778
1530.3	1115.186
1524.6	1115.595
1538.5	1116.003
1567.2	1116.412
1579.7	1116.821
1578.6	1117.229
1582.8	1117.638
1582.1	1118.046
1568.4	1118.455
1568.1	1118.864
1533.8	1119.272
1544.5	1119.681
1579	1120.089
1555.2	1120.498
1613.8	1120.907
1556.8	1121.315
1564.8	1121.724
1553.5	1122.132
1564.5	1122.541
1585.8	1122.949
1627.8	1123.358
1627.6	1123.767
1561.5	1124.175
1532.8	1124.584
1538	1124.992
1613.4	1125.401
1584.2	1125.810
1560.3	1126.218
1561.5	1126.627
1545.6	1127.035
1528.5	1127.444
1600.9	1127.853
1617.2	1128.261
1524	1128.670
1581.8	1129.078
1574	1129.487
1593	1129.895
1604	1130.304
1566.9	1130.713
1547	1131.121
1618.3	1131.530
1523.4	1131.938
1525.9	1132.347
1570.8	1132.756
1649.3	1133.164
1576.9	1133.573
1640.1	1133.981
1530.5	1134.390
1578.7	1134.798
1525.2	1135.207
1568	1135.616
1566.5	1136.024
1575.8	1136.433
1653.4	1136.841
1629.1	1137.250
1600.4	1137.659
1566.7	1138.067
1610.2	1138.476
1576	1138.884
1604	1139.293
1564.6	1139.702
1590	1140.110
1584.2	1140.519
1523.6	1140.927
1550.8	1141.336
1580.8	1141.744
1600.2	1142.153
1564.3	1142.562
1559.1	1142.970
1563.9	1143.379
1567.4	1143.787
1573.7	1144.196
1568	1144.605
1552.1	1145.013
1587	1145.422
1572.4	1145.830
1554.8	1146.239
1572.7	1146.648
1578.1	1147.056
1547.3	1147.465
1558	1147.873
1563.5	1148.282
1558.1	1148.690
1611.3	1149.099
1644.3	1149.508
1572	1149.916
1635.5	1150.325
1604.6	1150.733
1569.7	1151.142
1562.2	1151.551
1611.5	1151.959
1583.7	1152.368
1595.3	1152.776
1610	1153.185
1572.8	1153.593
1567.8	1154.002
1563.3	1154.411
1598.3	1154.819
1610.5	1155.228
1626.7	1155.636
1584.3	1156.045
1559.3	1156.454
1579.9	1156.862
1604.9	1157.271
1635.9	1157.679
1588.7	1158.088
1585.8	1158.497
1591.9	1158.905
1594.3	1159.314
1568.2	1159.722
1506.3	1160.131
1594	1160.539
1634	1160.948
1619.2	1161.357
1634.5	1161.765
1592.6	1162.174
1596.4	1162.582
1603.4	1162.991
1601	1163.400
1599.4	1163.808
1583.8	1164.217
1591.4	1164.625
1554	1165.034
1598	1165.443
1615	1165.851
1599.8	1166.260
1598.9	1166.668
1595	1167.077
1578.5	1167.485
1586.2	1167.894
1589.7	1168.303
1607.1	1168.711
1631.5	1169.120
1591.2	1169.528
1578.4	1169.937
1573.6	1170.346
1640.2	1170.754
1605.3	1171.163
1563.6	1171.571
1584.7	1171.980
1619.5	1172.388
1579.6	1172.797
1605.4	1173.206
1609.1	1173.614
1579.5	1174.023
1626.7	1174.431
1619	1174.840
1643.3	1175.249
1640.9	1175.657
1576.6	1176.066
1540.8	1176.474
1628.7	1176.883
1688.9	1177.292
1627.1	1177.700
1648.2	1178.109
1649.1	1178.517
1628.8	1178.926
1648.8	1179.334
1644.8	1179.743
1641.5	1180.152
1652.9	1180.560
1667	1180.969
1593.5	1181.377
1594.2	1181.786
1647.4	1182.195
1622.4	1182.603
1578	1183.012
1581.7	1183.420
1611.4	1183.829
1622.6	1184.238
1615.4	1184.646
1594.4	1185.055
1593.9	1185.463
1572	1185.872
1550.2	1186.280
1658.7	1186.689
1654.3	1187.098
1672.4	1187.506
1657.3	1187.915
1605.1	1188.323
1586.6	1188.732
1612.4	1189.141
1654	1189.549
1643.8	1189.958
1646.8	1190.366
1652.4	1190.775
1611.1	1191.183
1629	1191.592
1641.5	1192.001
1673.7	1192.409
1595.1	1192.818
1613	1193.226
1608.2	1193.635
1708.9	1194.044
1645.3	1194.452
1602.9	1194.861
1568.2	1195.269
1620.5	1195.678
1611.7	1196.087
1654.3	1196.495
1622.7	1196.904
1593	1197.312
1646.6	1197.721
1596.8	1198.129
1623.2	1198.538
1608.2	1198.947
1664.4	1199.355
1659.3	1199.764
1574.3	1200.172
