$SPEC_ID:
No sample description was entered.
$SPEC_REM:
DET# 1
DETDESC# DESKTOP-L9Q2V8F Model 928 SN 15044695
AP# Maestro Version 7.01
$DATE_MEA:
03/16/2022 19:58:59
$MEAS_TIM:
722 723
$DATA:
0 1023
       0
       0
       0
       0
       0
       0
       0
       0
       0
       0
       0
       0
       0
       0
       0
       0
       0
       0
       0
       0
       0
       0
       0
       0
       0
       0
       0
       0
       0
       0
       0
       0
       0
       0
       0
       0
       0
       0
       0
       0
       0
       0
       0
       0
       0
       0
       0
       0
       0
       0
       0
       0
       0
       0
       0
       0
       0
       0
       0
       0
       0
       0
       0
       0
       0
      14
      28
     246
      43
      35
      51
      41
      37
      29
      35
     276
     349
     410
     437
     418
     416
     393
     441
     433
     381
     401
     366
     357
     370
     411
     379
     378
     417
     367
     400
     384
     427
     407
     431
     409
     413
     392
     350
     433
     420
     420
     436
     460
     439
     464
     441
     465
     463
     518
     502
     470
     485
     501
     532
     523
     488
     493
     484
     477
     481
     501
     506
     507
     541
     536
     489
     484
     508
     473
     507
     536
     521
     495
     471
     510
     551
     491
     528
     483
     484
     490
     459
     522
     528
     450
     470
     494
     457
     452
     474
     457
     421
     424
     445
     444
     418
     407
     417
     381
     403
     418
     400
     425
     383
     430
     432
     395
     382
     418
     405
     425
     367
     415
     409
     433
     417
     408
     445
     449
     398
     439
     422
     470
     429
     460
     478
     476
     486
     490
     515
     569
     566
     515
     495
     548
     529
     572
     569
     570
     577
     646
     588
     615
     650
     630
     675
     663
     698
     705
     696
     709
     672
     738
     759
     739
     763
     812
     752
     761
     837
     781
     767
     852
     847
     820
     884
     839
     929
     862
     887
     876
     915
     943
     923
     934
     994
     973
     976
     992
     979
    1006
    1023
    1046
    1034
    1095
    1071
    1106
    1034
    1095
    1095
    1106
    1082
    1108
    1115
    1124
    1088
    1145
    1175
    1138
    1163
    1097
    1209
    1158
    1172
    1122
    1086
    1174
    1179
    1091
    1189
    1150
    1162
    1091
    1163
    1170
    1162
    1174
    1121
    1162
    1098
    1080
    1088
    1093
    1026
    1066
    1049
    1019
    1020
    1015
     936
     944
     980
     943
     929
     911
     828
     878
     866
     841
     811
     787
     816
     758
     741
     719
     678
     703
     665
     656
     630
     608
     609
     518
     566
     558
     487
     544
     474
     465
     476
     428
     410
     383
     409
     414
     367
     325
     327
     317
     306
     297
     277
     251
     264
     225
     251
     254
     210
     199
     185
     167
     166
     145
     155
     125
     136
     121
     114
     117
     110
     104
      96
      84
      92
      87
      82
      64
      76
      76
      61
      55
      51
      46
      45
      41
      39
      28
      27
      24
      39
      24
      30
      25
      22
      24
      24
      18
      24
      12
      14
      12
      10
      12
      15
      10
       9
       8
       8
       6
       4
       5
       5
       6
       5
      15
       6
       6
       4
       1
       3
       3
       3
       6
       5
       6
       0
       5
       1
       3
       3
       3
       2
       1
       0
       0
       4
       1
       1
       2
       2
       3
       4
       1
       1
       1
       1
       1
       1
       0
       2
       3
       0
       1
       2
       2
       0
       0
       0
       0
       1
       0
       1
       2
       0
       2
       1
       0
       0
       1
       0
       0
       0
       0
       2
       1
       1
       2
       0
       3
       1
       1
       0
       1
       0
       0
       1
       0
       0
       0
       0
       0
       0
       0
       1
       0
       0
       1
       0
       0
       0
       0
       0
       1
       0
       0
       0
       0
       0
       1
       1
       1
       0
       0
       1
       1
       0
       0
       0
       1
       0
       0
       1
       0
       0
       0
       0
       0
       0
       0
       0
       0
       0
       0
       0
       2
       0
       0
       0
       0
       0
       0
       1
       0
       0
       0
       1
       0
       0
       0
       1
       1
       1
       0
       1
       0
       1
       0
       1
       0
       0
       1
       0
       0
       0
       0
       0
       0
       0
       1
       0
       0
       0
       0
       0
       0
       0
       0
       1
       0
       0
       0
       0
       0
       0
       1
       0
       0
       0
       0
       0
       0
       0
       0
       1
       0
       0
       1
       0
       0
       0
       0
       1
       0
       0
       0
       0
       0
       0
       0
       0
       0
       0
       0
       0
       0
       0
       0
       0
       0
       0
       0
       0
       0
       0
       0
       0
       0
       0
       0
       0
       0
       1
       0
       0
       0
       0
       0
       0
       0
       0
       0
       0
       0
       0
       0
       0
       0
       0
       0
       0
       1
       0
       0
       0
       0
       0
       0
       0
       0
       0
       0
       0
       0
       0
       0
       0
       0
       0
       0
       0
       0
       0
       2
       0
       0
       0
       0
       0
       0
       0
       0
       0
       0
       0
       0
       0
       0
       0
       0
       0
       0
       0
       0
       0
       0
       0
       0
       0
       1
       1
       0
       0
       0
       0
       0
       0
       0
       0
       0
       0
       0
       0
       0
       0
       0
       0
       0
       0
       0
       0
       0
       0
       0
       0
       0
       0
       0
       0
       0
       0
       0
       0
       0
       1
       0
       0
       0
       0
       0
       0
       0
       0
       0
       1
       0
       0
       0
       0
       0
       0
       0
       0
       0
       0
       0
       0
       0
       0
       0
       0
       0
       0
       0
       0
       0
       0
       0
       0
       0
       0
       0
       0
       0
       0
       0
       0
       0
       0
       0
       0
       0
       0
       0
       0
       0
       0
       0
       0
       0
       0
       0
       0
       0
       0
       0
       0
       0
       0
       0
       0
       0
       0
       0
       0
       0
       0
       0
       0
       0
       0
       0
       0
       0
       0
       0
       0
       0
       0
       0
       0
       0
       0
       0
       0
       0
       0
       0
       0
       0
       0
       0
       0
       0
       0
       0
       0
       0
       0
       0
       0
       0
       0
       0
       0
       0
       0
       0
       0
       0
       0
       0
       0
       0
       0
       0
       0
       0
       0
       0
       0
       0
       0
       0
       0
       0
       0
       0
       0
       0
       0
       0
       0
       0
       0
       0
       0
       0
       0
       0
       0
       0
       0
       0
       0
       0
       0
       0
       0
       0
       0
       1
       0
       0
       0
       0
       0
       0
       0
       0
       0
       0
       0
       0
       0
       0
       0
       0
       0
       0
       0
       0
       0
       0
       0
       0
       0
       0
       0
       0
       0
       0
       0
       0
       0
       0
       1
       0
       0
       1
       0
       0
       0
       0
       0
       0
       0
       0
       0
       0
       0
       0
       0
       0
       0
       0
       0
       0
       0
       0
       0
       0
       0
       0
       0
       0
       0
       0
       0
       0
       0
       0
       0
       0
       0
       0
       0
       0
       0
       0
       0
       0
       0
       0
       0
       0
       0
       0
       0
       0
       0
       0
       0
       0
       0
       0
       0
       0
       0
       0
       0
       0
       0
       0
       0
       0
       0
       0
       0
       0
       0
       0
       0
       0
       0
       0
       0
       0
       0
       0
       0
       0
       0
       0
       0
       0
       0
       0
       0
       0
       0
       0
       0
       0
       0
       0
       0
       0
       0
       0
       0
       0
       0
       0
       0
       0
       0
       0
       0
       0
$ROI:
0
$PRESETS:
Integral
60000
0
$ENER_FIT:
0.000000 0.000000
$MCA_CAL:
3
0.000000E+000 0.000000E+000 0.000000E+000 
$SHAPE_CAL:
3
0.000000E+000 0.000000E+000 0.000000E+000
